Database	TOTAL
Words	557561
total     2056487
!ENTER    0 2.141073e-02 1.585980e-04 2.378970e-04 6.343920e-04 1.982475e-04 3.964950e-05 0*2 2.815115e-03 0 7.929896e-05 1.189484e-04 3.964950e-05 0*3 2.055034e-01 7.692002e-03 2.775466e-04 0*6 3.964950e-05 0 3.964950e-05 0*3 8.722890e-04 0 2.378970e-04 0 3.964950e-04 0 7.929896e-05 0*2 9.476233e-03 9.682407e-02 0*2 7.929896e-05 3.964950e-05 1.661314e-02 1.095516e-01 2.271916e-02 0*2 2.775466e-04 3.964950e-05 2.876968e-01 7.612704e-03 2.735816e-03 6.732484e-02 3.683439e-02 0*3 1.189484e-04 5.075136e-03 2.696166e-03 2.378970e-03 1.764403e-02 0*2 3.171958e-04 0 4.789660e-02 0*3 1.189484e-04 3.964950e-05 2.097459e-02 4.044249e-03
<p:>      0 9.874021e-02 3.201908e-03 3.290236e-03 3.776043e-03 7.728742e-04 1.545749e-04 0*2 1.661680e-02 7.618332e-04 2.760267e-04 1.468462e-03 1.876980e-04 0*3 1.566506e-01 1.301741e-02 1.531395e-02 1.104107e-05 0*2 1.104107e-05 0*2 1.104107e-05 0*5 1.348114e-02 1.104107e-05 4.968478e-03 0 3.003169e-03 0 3.279196e-03 3.312318e-05 0 4.052070e-02 1.283965e-01 1.104107e-05 0 3.610428e-03 1.722406e-03 5.266586e-02 3.832353e-02 2.368308e-02 0*2 2.373828e-03 2.760267e-04 4.383302e-02 3.135661e-02 6.447981e-03 4.860276e-02 4.302702e-02 0*2 3.555221e-03 2.429035e-04 9.230327e-03 4.206645e-03 9.097834e-03 4.584249e-02 1.104107e-05 0 7.839155e-04 1.987391e-03 8.129533e-02 8.832849e-05 0*2 1.965309e-03 5.520533e-05 3.651279e-02 1.236599e-03
@         0 6.214196e-02 4.065591e-04 1.305917e-03 3.942391e-03 8.007983e-04 3.695993e-05 0*2 1.544925e-02 3.449593e-04 4.964949e-03 1.231997e-03 6.159986e-05 0*3 1.894812e-02 3.926375e-02 6.652786e-03 0*3 3.695993e-05 0*2 8.623983e-05 0 1.231997e-05 0*3 1.281277e-02 1.231997e-05 5.063509e-03 0 6.394066e-03 0 7.416624e-03 1.231997e-05 0 1.880028e-02 4.532519e-02 0*2 3.203193e-04 9.239980e-04 3.724328e-02 2.806490e-02 1.422957e-02 0*2 2.143675e-03 1.231998e-04 8.944301e-03 1.749436e-02 2.542843e-02 5.290196e-02 3.387254e-01 0*2 1.687836e-03 2.710394e-04 5.408467e-03 3.732952e-02 6.587491e-02 3.604824e-02 0*2 8.623983e-05 6.652785e-04 2.667274e-02 1.231997e-05 0*2 1.059518e-03 4.927989e-05 3.049194e-02 1.627468e-02
C         0 8.708578e-02 3.398369e-02 6.606791e-04 2.498193e-03 1.342005e-03 2.064622e-05 0*2 1.366781e-02 5.780944e-04 1.032311e-04 2.002684e-03 8.258489e-05 0*3 3.361206e-02 1.862290e-02 1.531950e-02 0*2 2.064622e-05*2 0*2 2.064622e-05 0 7.990091e-03 0*3 1.432848e-02 2.064622e-05 2.849179e-03 0 5.966761e-03 0 1.631052e-02 0*2 2.145143e-02 7.496646e-02 4.129247e-05 0 5.780944e-04 2.518840e-03 3.365335e-02 2.952411e-02 3.978528e-02 7.432641e-04 0 4.500877e-03 2.374316e-03 1.030247e-02 2.679880e-02 1.102508e-02 5.429958e-02 5.869722e-02 1.858160e-04 0 5.574480e-04 6.193870e-05 2.167854e-03 6.462269e-03 4.199442e-02 2.153814e-01 0*2 4.129247e-05 3.716320e-03 5.089295e-02 0*3 2.209147e-03 0 3.187777e-02 1.608341e-02
E         0 3.196591e-03 5.073952e-05 9.924651e-02 5.073952e-05 2.536977e-05 0*3 6.596139e-04 0 3.498491e-02 0*5 4.845625e-03 2.334018e-03 1.268489e-04 0*12 5.835045e-04 0 1.014791e-04 0 2.283280e-04 0 1.014791e-04 2.536977e-05 0 1.775883e-04 5.378390e-03 0*2 2.536977e-05*2 7.326788e-02 5.327652e-04 9.894209e-04 0*2 2.536977e-05 1.268489e-04 1.775883e-04 6.164853e-02 1.288530e-01 4.924271e-02 2.186874e-01 0*2 5.073952e-05 0 1.088363e-02 5.885784e-03 1.354746e-01 1.538676e-01 0*4 4.921736e-03 0*3 2.536977e-05 0 1.293858e-03 1.877363e-03
E6        0 4.022181e-02 1.171509e-03 7.810060e-05 1.171509e-03 1.562011e-04 0*3 5.857545e-03 2.343017e-04 7.810060e-05 0*5 9.918778e-03 6.310528e-02 2.343017e-04 0*9 7.810060e-05 0*2 1.421431e-02 0*3 2.600750e-02 0*4 3.998751e-02 7.185255e-03 0*2 2.343017e-04 0 4.420493e-02 2.647610e-02 1.444861e-02 0*2 6.248048e-04 0 3.514527e-03 8.786316e-02 3.092783e-02 2.529678e-01 1.462824e-01 0*4 7.185255e-03 1.062168e-02 2.186816e-03 9.450171e-02 0*4 3.600438e-02 0*5 2.858481e-02 3.670729e-03
E:        0 2.419691e-02 7.968294e-02 4.005006e-02 1.251564e-03 0*4 1.335002e-02 0 4.171881e-04 0*5 2.461410e-02 0 8.343762e-04 0*12 4.171881e-04 0 1.668752e-03 0 1.668752e-03 0 8.343762e-04 0*2 2.002503e-02 1.627034e-02 0*3 1.251564e-03 1.627034e-02 1.668752e-02 0 8.343762e-04 0 8.343762e-04*2 2.503129e-03 2.044222e-02 2.670004e-02 6.299540e-02 2.878598e-02 0*5 4.601585e-01 5.506883e-02 7.676261e-02 0*4 8.343762e-04 0*5 2.920318e-03 8.343762e-04
E:6       0 3.931848e-02 3.276541e-04 1.965924e-03 3.604194e-03 3.276541e-04 0*3 2.555701e-02 3.276541e-04 0 1.310616e-03 0*4 1.834862e-02 1.146789e-02 5.570118e-03 0*12 2.064220e-02 0 4.914810e-03 0 1.277851e-02 0 1.441678e-02 0*2 3.276540e-02 1.186107e-01 0*3 2.293578e-03 3.407602e-02 2.588467e-02 4.259503e-03 0*2 1.212320e-02 6.553080e-04 9.501965e-03 2.621232e-03 1.965924e-03 8.715596e-02 1.366317e-01 0*2 6.553080e-04 0 5.242464e-03 1.965924e-03 2.824377e-01 4.652686e-02 0*4 1.245085e-02 0*3 3.276541e-04 0 1.834862e-02 2.621232e-03
E~        0 1.282051e-02*78
I         0 2.943451e-03 4.848038e-04 4.087934e-01 3.693742e-04 6.925766e-05 0*3 1.142752e-03 3.462885e-05 2.487505e-02 1.731442e-04 0*4 1.569840e-03 1.564069e-02 1.846871e-04 0*2 1.154294e-05 0*4 1.154294e-05 0*4 4.617178e-04 0 3.924601e-04 0 3.693742e-04 0 3.693742e-04 0*2 4.963467e-04 1.105814e-02 0*2 2.308590e-05 1.385154e-04 6.337078e-03 1.721053e-02 6.256276e-03 0*2 3.001166e-04 5.771472e-05 5.286668e-03 2.542911e-02 1.655259e-02 5.335149e-02 1.482691e-01 0*2 1.154294e-05 0 4.109288e-03 3.693742e-04 1.567648e-01 8.335161e-02 0*3 1.846871e-04 1.662184e-03 0*3 8.080063e-05 0 4.594092e-03 2.077731e-04
I6        0 2.540489e-03 3.175612e-04 1.746586e-02 3.175612e-04 0*4 6.351223e-04 0 1.870435e-01 0*5 1.587806e-03 2.222928e-03 6.351223e-04 0*12 9.526835e-04 0 3.175612e-04 0*3 3.175612e-04 0*2 9.526835e-04 1.302001e-02 0*3 6.351223e-04 9.526835e-04 1.028898e-01 1.905367e-03 0*4 9.526835e-04 7.875517e-02 3.175612e-04 4.191807e-02 1.905367e-03 0*6 2.858051e-03 5.363607e-01 0*4 9.526835e-04 0*5 1.270245e-03 0
N         0 1.121123e-01 8.738476e-02 3.143336e-04 1.210185e-02 6.810561e-04 0*3 1.933152e-02 4.191114e-04 2.315591e-02 5.815172e-03 0*4 1.561190e-02 4.767392e-03 1.896480e-02 0*2 1.047779e-04 0*5 9.849119e-03 0*3 2.231769e-02 0 4.191114e-03 0 4.872172e-03 0 6.443838e-03 5.238893e-05 0 1.288768e-02 6.485751e-02 0*2 1.047779e-04 8.382228e-04 2.729463e-02 3.033319e-02 1.692163e-02 5.238893e-05 0 3.667226e-04 5.762782e-04 1.000629e-02 1.206517e-01 4.479254e-02 2.226530e-02 2.713747e-02 0*2 4.715004e-03 2.095557e-04 1.781223e-03 2.462280e-03 6.066638e-02 4.390193e-02 0*3 5.762782e-04 1.125838e-01 0*3 9.953895e-04 0 2.692791e-02 1.760268e-02
O         0 6.399398e-04 2.258610e-04 3.764350e-05 8.658009e-04 1.505740e-04 0*3 1.016375e-03 7.528704e-05 4.705440e-03 7.528704e-05 0*4 6.022963e-04 5.270092e-04*2 0*12 2.108037e-03 0 3.764350e-05 0 3.162055e-03 0 5.270092e-04 0*2 4.178431e-03 1.392810e-03 0*2 3.764350e-05 1.882175e-04 1.479390e-02 1.355167e-03 1.995106e-02 0*3 3.764350e-05 2.258610e-04 2.868436e-02 1.240354e-01 1.379635e-01 2.025974e-01 0*2 3.764350e-05 0 3.606249e-02 2.823264e-03 2.111801e-02 3.730473e-02 0*3 3.764350e-05 9.410880e-04 3.498212e-01 0*2 4.893658e-04 3.764350e-05 4.140787e-04 1.882175e-04
O6        0 1.923077e-03 3.205128e-04 6.410258e-04 0*5 6.410258e-04 0 1.131410e-01 0*5 3.205128e-03 3.269231e-02 0*13 1.923077e-03 0 3.205128e-04 0 1.282052e-03 0 6.410258e-04 0*2 6.089745e-03 1.782051e-01 0*2 3.205128e-04 0 8.653845e-03 1.798077e-01 2.884615e-03 0*4 9.615383e-04 1.314103e-02 2.564102e-03 1.044872e-01 5.897436e-02 0*4 1.282052e-03 6.410258e-04 1.730769e-02 2.660256e-01 0*4 6.410258e-04 0*5 9.615383e-04 3.205128e-04
OY        0 1.459246e-03 2.209714e-02 2.355639e-02 0 2.084636e-04 0*3 1.125703e-02 0*7 3.126954e-03 5.420054e-03 6.253908e-04 0*12 6.253908e-04 0*8 2.918491e-03 1.167396e-02 0*3 2.084636e-04 3.898269e-02 3.752345e-03 6.253908e-04 0*4 2.084636e-03 5.274129e-02 3.960808e-03 2.897644e-02 5.367938e-01 0*4 6.253908e-04 2.042943e-02 6.253908e-03 2.186783e-01 0*4 4.169272e-04 0*5 2.084636e-03 4.169272e-04
OY6       0 1.954023e-01 0*7 2.298851e-02 0*9 1.149425e-02 0*12 1.149425e-02 0*3 2.298851e-02 0*4 3.448276e-02 1.034483e-01 0*4 2.298851e-02*3 0*6 2.298851e-02*3 0*2 1.149425e-02 0*3 2.758621e-01 9.195403e-02 0*4 4.597701e-02 0*5 1.149425e-02 2.298851e-02
O~        0*42 1 0*36
Q         0 4.054146e-04 2.702764e-04 4.955068e-04 8.955156e-02 1.506791e-02 2.319872e-03 0*2 1.886980e-01 2.725286e-03 0 5.878511e-03 3.513592e-03 2.229779e-03 0*4 1.208135e-01 6.756910e-05 2.905471e-03 0*4 3.040608e-03 0*2 1.756796e-03 1.576612e-04 0 2.060407e-01 1.576612e-04 4.763621e-02 0 7.937115e-02 0 5.666794e-02 2.252302e-05 6.756910e-05 4.504607e-05 1.576612e-04 9.797519e-03 0 1.808599e-02 1.256785e-02 4.504607e-05*2 2.252302e-05 5.022636e-03 0 1.515800e-02 2.477534e-04 2.252302e-05 0*2 5.405528e-04 2.768080e-02 3.846934e-02 4.504607e-05 2.168968e-02 4.279376e-04 0*4 1.306336e-03 0 3.896483e-03 7.905583e-03 2.252302e-05 0*3 6.892048e-03 0 2.252302e-05*2
S         0 1.099870e-02 1.981622e-02 1.392241e-04 3.536291e-02 6.033043e-04 5.568962e-04 0*2 1.141637e-02 7.889363e-04 2.320400e-04 3.387786e-03 3.898273e-03 9.281604e-05*2 0 2.552441e-03 6.218676e-03 8.214220e-03 0 1.424726e-02 0*4 4.487655e-02 0 3.619826e-03 9.281604e-05 0*2 1.684611e-02 0 3.619826e-03 0 2.278634e-02 0 5.745313e-02 0*2 5.104882e-04 3.387786e-03 4.640804e-05 0 7.889363e-04 4.176722e-04 1.809913e-03 2.366809e-03 8.353444e-04 8.817523e-04 0 1.373678e-02 3.248561e-04 1.902729e-03 1.624280e-03 1.368108e-01 9.188789e-03 5.476147e-02 9.281604e-05 0 9.471878e-02 4.640804e-05 1.298032e-01 1.935215e-02 5.104882e-04 2.257750e-01 0*2 4.919251e-03 0 2.320401e-02 0*3 6.033043e-04 0 1.485057e-03 2.181177e-03
U         0 1.451241e-03 6.309748e-05 3.154872e-05 1.577436e-04 0*4 8.202669e-04 0 1.081806e-01 6.309748e-05 0*4 1.892923e-04 1.041108e-03 6.309748e-05 0*12 2.208411e-04 0 9.464622e-05 0 6.309748e-05 0 3.154872e-05 0*2 3.470360e-04 2.555447e-03 0*3 3.154872e-05 1.892924e-03 1.261949e-04 1.577436e-04 0*4 1.577436e-04 1.176767e-02 7.697891e-03 1.760734e-01 5.907814e-01 0*4 1.766729e-03 9.464622e-05 7.066915e-02 1.249330e-02 0*4 5.994257e-04 1.261949e-03 0*2 3.154872e-05 0 8.770546e-03 2.523899e-04
U6        0 9.572431e-03 1.276324e-03 2.578175e-01 1.914486e-03 0*12 3.828972e-03 8.296108e-03 6.381621e-03 0*12 5.105296e-03 0*5 1.914486e-03 0*2 3.190810e-03 3.765156e-02 0*3 1.276324e-03 7.019783e-03 5.743459e-03 1.276324e-03 0*5 2.144225e-01 6.381620e-04 1.595405e-02 8.934271e-03 0*4 6.381620e-04*2 3.190810e-02 3.592853e-01 0*4 1.914486e-03 0*5 1.340141e-02 0
Y         0 2.476047e-03 0 4.090860e-03 1.076542e-04 0*4 8.612337e-04 1.076542e-04 2.045430e-03 0*5 1.291851e-03 8.612337e-04 4.952094e-03 0*12 1.184196e-03 0 1.076542e-04 0 6.028635e-03 0 2.153085e-04 0*2 1.722467e-03 3.455701e-02 0*4 1.377974e-02 1.722467e-03 1.830122e-03 0*3 4.306169e-04 3.229625e-04 1.028098e-01 3.208096e-02 1.372591e-01 4.116697e-01 0*4 1.571752e-02 1.614813e-03 1.971149e-01 1.184196e-02 0*4 1.507159e-03 0*5 9.581226e-03 1.076542e-04
Y6        0 6.790285e-03 1.044659e-02 7.051449e-03 0*5 4.674849e-02 0 5.223295e-04 0*22 1.305824e-03 0 2.611649e-04 0*4 2.611649e-04 7.923740e-01 0*4 2.219901e-02 4.178636e-03 7.834943e-04 0*2 2.611649e-04 0 2.611649e-04*3 7.051449e-03 3.186210e-02 0*5 2.611649e-04 4.178636e-03 5.536694e-02 0*4 5.223295e-04 0*5 6.790285e-03 0
Z         0*2 4.659498e-01 0 1.648746e-01 0*4 3.584229e-03 0*2 4.301075e-02 1.433692e-02 0*6 1.075269e-02 0*7 7.168459e-03 0*3 4.301075e-02 0 7.168459e-03 0*8 1.075269e-02 0 6.810036e-02 7.168459e-03 0*3 3.584229e-03 0 6.810036e-02 1.433692e-02 3.584229e-03 0*2 3.584229e-03 0 2.508961e-02 0 1.433692e-02 7.168459e-03 0*6 1.075269e-02 0*5 3.584229e-03 0*3
2        0 1.282051e-02*78
26       0 1.282051e-02*78
2:       0 3.539157e-02 4.141567e-03 3.388555e-03 0 3.765061e-04 0*3 7.530122e-04 0 4.066265e-02 0*5 3.388555e-03 0 7.530122e-04 0*3 7.530122e-04 0*3 3.765061e-04 0*4 3.765061e-04 0 3.765061e-04 0*6 3.765061e-04 2.899097e-02 0*5 4.367470e-02 3.765061e-04 0*4 3.765061e-04 3.098645e-01 6.400604e-03 9.789155e-03 3.610693e-01 0*4 2.259036e-03 4.593374e-02 5.384036e-02 2.899097e-02 0*4 3.388555e-03 0*5 1.393072e-02 0
2:6      0 9.345796e-03 0*7 2.336449e-03 0*2 1.168224e-03 0*4 1.168224e-03 0 1.168224e-03 0*14 1.168224e-03 0*6 1.168224e-03 1.635514e-02 0*4 1.168224e-03 3.504674e-03 0*6 2.336448e-02 2.336449e-03*2 7.161215e-01 0*6 1.168225e-02 1.810748e-01 0*4 9.345796e-03 0*5 1.051402e-02 4.672898e-03
6        0 1.100981e-01 4.087023e-04 1.163230e-03 4.590041e-03 5.344567e-04 6.287726e-05 0*2 2.235286e-02 1.351861e-03 3.143862e-05 1.886318e-03 2.200704e-04 0*3 2.081237e-02 2.379904e-02 2.464789e-02 0*3 6.287726e-05 0*8 3.159583e-02 6.287726e-05 5.816148e-03 0 1.263833e-02 0 2.162978e-02 0*2 4.256791e-02 1.044077e-01 6.287726e-05 0 8.488431e-04 2.735161e-03 4.498868e-02 2.417631e-02 5.548918e-02 0*2 4.401408e-04 2.829476e-04 1.175805e-02 1.619089e-02 1.807721e-02 4.844693e-02 7.680457e-02 0*2 3.929829e-03 4.087023e-04 5.093059e-03 8.425555e-03 5.608652e-02 5.303698e-02 0*2 6.287726e-05 3.772636e-04 4.687500e-02 9.431590e-05 0*2 2.043511e-03 0 5.149648e-02 4.102741e-02
9        0 7.890168e-04 0 1.953606e-01 1.578034e-04 0*4 1.578034e-04 0*7 6.943348e-03 4.734101e-04 1.578034e-04 0*22 1.735837e-03 0*4 1.230866e-02 1.578034e-04 0*3 4.734101e-04 6.312134e-04 4.734101e-04 1.578034e-03 1.630109e-01 1.350797e-01 4.338015e-01 0*4 2.225028e-02 3.156069e-04 1.420230e-03 2.209248e-03 0*4 1.972542e-02 0*5 6.312134e-04 1.578034e-04
96       0 8.064517e-03 0*40 1.048387e-01 0*4 4.032257e-02 5.645161e-02 0*6 1.129032e-01 2.419355e-02*2 1.370968e-01 0*4 5.645161e-02 0 1.612903e-02 2.741936e-01 0*4 1.451613e-01 0*7
9~       0 1.282051e-02*78
a         0 6.460116e-03 2.999721e-04 6.427977e-05 2.678324e-04 9.641957e-05 1.071330e-05 0*2 9.641962e-04 1.071330e-05 2.996507e-02 2.142658e-05 1.071330e-05 0*3 1.542714e-03 1.703413e-03 8.892033e-04 0*2 1.071330e-05 2.249792e-04 0*8 1.146322e-03 0 2.999721e-04 0 4.392449e-04 0 3.428253e-04 0*2 5.195945e-03 4.467442e-03 1.071330e-05 0 9.641957e-05 2.678324e-04 9.299138e-03 2.935442e-03 1.167749e-02 0*2 2.142658e-05 1.071330e-05 3.149708e-03 7.874270e-03 1.049688e-01 8.693836e-02 2.944762e-01 0*2 1.178462e-04 2.142658e-05 3.555741e-02 4.098905e-02 2.048703e-01 4.228536e-02 7.499302e-05 0*2 1.071330e-05 2.142658e-03 7.002207e-02 0*2 6.427977e-05 0 2.555120e-02 2.131945e-03
a6        0*41 8.928571e-01 0*24 1.071429e-01 0*12
a:        0 5.555402e-02 1.398892e-03 3.878116e-04 2.742383e-03 7.479225e-04 0*3 1.653740e-02 1.426593e-03 2.290859e-02 4.155125e-04 0*4 1.421053e-02 6.024931e-03 4.944598e-03 0*2 1.385041e-05 1.620499e-03 0*2 1.385041e-05 0*5 1.170360e-02 0 6.232688e-03 1.385041e-05 4.875347e-03 0 6.620500e-03 0*2 1.184626e-01 5.429363e-02 0*2 5.263158e-04 5.955678e-04 1.627424e-02 7.013851e-02 2.445983e-02 0*2 3.324098e-04 8.310246e-05 5.872577e-03 1.227701e-01 6.443213e-02 7.452909e-02 4.396122e-02 0*2 6.371191e-04 5.540164e-05 5.927977e-03 9.612188e-02 9.238227e-03 1.767313e-02 1.385041e-05 0 2.770083e-05*2 2.156510e-02 6.127424e-02 0*2 6.094183e-04 0 1.092798e-02 2.077562e-02
a:6       0 5.658852e-03 0 6.467260e-03 0*5 2.910267e-02 0*2 8.084075e-04 0*4 1.616815e-03*3 0*12 8.084075e-04 0*3 1.616815e-03 0 8.084075e-04 0*3 4.042038e-03 0*4 4.042038e-03 2.425223e-03*2 0*4 1.616815e-03 8.084075e-04 0 8.084075e-04 9.264349e-01 0*4 8.084075e-04 0*2 2.425223e-03 0*4 8.084075e-04 0*3 8.084075e-04 0 2.425223e-03 0
aI        0 1.652666e-02 2.989537e-03 7.347523e-02 5.473799e-04 6.315925e-05 0*3 5.852754e-03 8.421229e-05 2.374787e-02 1.684247e-04 0*4 8.673869e-03 1.290553e-02 6.989622e-03 0*12 2.105307e-03 0 4.421146e-04 0 9.473883e-04 0 8.842293e-04 0*2 8.315966e-03 4.597992e-02 0*2 2.105307e-05 3.579022e-04 4.905365e-03 9.410723e-03 6.926460e-03 0*2 1.842144e-02 1.473715e-04 1.915829e-03 5.915914e-03 2.920061e-02 8.019117e-02 3.467441e-01 0*2 4.842207e-04 2.105307e-05 5.958021e-03 1.221078e-03 4.920104e-02 1.826354e-01 0*3 5.684330e-04 6.463295e-03 0*3 8.421229e-05 0 2.976905e-02 8.737027e-03
aI6       0 2.335766e-01 0*2 1.216545e-02 2.433090e-03 0*3 2.189781e-02 0*7 8.029197e-02 0 9.732359e-03 0*12 7.299270e-03 0 4.866180e-03 0*7 3.163017e-02 0*4 9.732359e-03 2.189781e-02 7.299270e-03 0*5 7.299270e-03 1.946472e-02 3.163017e-02 7.785887e-02 0*2 2.433090e-03 0*2 7.299270e-03 1.216545e-02 3.114355e-01 0*4 1.946472e-02 2.433090e-03 0*5 6.569343e-02
aU        0 2.213115e-02 2.085041e-02 5.122949e-05 7.684428e-04 1.024590e-04 0*3 2.663934e-03 0 1.536886e-03 9.733607e-04 0*4 6.403687e-03 1.654713e-02 2.202869e-03 0*12 3.329917e-03 0 7.172131e-04 0 1.895492e-03 0 4.098361e-04 0*2 2.935451e-02 1.306353e-02 0*2 1.536885e-04 5.122949e-05 1.773566e-01 4.605533e-02 7.684428e-03 0*2 1.024590e-04 0 2.868852e-03 9.477457e-03 3.688525e-03 2.192623e-02 5.169057e-02 0*2 1.690574e-03 5.122949e-05 5.835042e-02 2.356558e-03 1.875512e-01 3.437500e-02 0*2 4.098361e-04 5.122949e-05 9.016395e-03 2.285348e-01 0*2 1.024590e-04 0 1.880123e-02 1.465164e-02
aU6       0 4.285714e-02 2.380953e-03 0 2.380953e-03*2 0*3 1.190476e-02 0*7 9.523811e-03 4.047619e-02 7.142858e-03 0*12 1.428572e-02 0 7.142858e-03 0 2.380953e-03 0 7.142858e-03 0*2 3.095238e-02 5.000000e-02 0*4 3.095238e-02 1.428572e-02 2.380953e-03 0*4 4.761905e-03 7.142858e-03 1.190476e-02 1.428572e-02 1.595238e-01 0*4 4.761905e-03 2.380953e-03 4.047619e-02 3.738095e-01 0*4 1.190476e-02 0*5 1.666667e-02 7.380953e-02
a~        0*23 8.125000e-01 0*24 1.875000e-01 0*30
b         0 6.408834e-03 1.546501e-01 1.799403e-03 1.922650e-02 2.191328e-02 2.711431e-04 2.464936e-05 0 2.608396e-01 2.464937e-04 0 3.771352e-03 3.204418e-04 8.380781e-04 2.464936e-05 0 1.232468e-03 8.627278e-04 5.447509e-03 8.356133e-03 1.281767e-03 1.232468e-04 0*3 3.204418e-04 4.929874e-05 1.479948e-01 1.478961e-04 2.464937e-04 0 9.982991e-03 0 4.720353e-02 3.056522e-03 1.386773e-01 5.176367e-04 4.486185e-03 8.873769e-04 0 3.697404e-04 4.535482e-03 4.929874e-05 0 9.218860e-03 2.218442e-04 6.655327e-04 9.120263e-04 1.405014e-03 2.489586e-03 0 1.212748e-02 3.450911e-03 1.059923e-03 3.204418e-04 2.879045e-02 1.964554e-02 2.908624e-03 3.450911e-04 0 2.908624e-03 9.859743e-05 2.464936e-05 4.325963e-02 2.021248e-03 6.655327e-04 1.232468e-04 0 1.419803e-02 5.669352e-04 9.613251e-04 0 1.922650e-03 0 2.095196e-03 0 1.405014e-03 2.464936e-05
d         0 9.707076e-04 7.391082e-02 1.142008e-04 3.627020e-02 2.284018e-04 1.142009e-05 0*2 2.395934e-02 1.142009e-05 0 3.682979e-02 6.189687e-03 1.404671e-03 0*2 2.169817e-04 2.626621e-04 4.225432e-03 4.659397e-03 2.055615e-04 8.222465e-04 1.119168e-03 0*2 1.027808e-04 0 7.703991e-02 1.142009e-05*2 0 2.899446e-01 0 9.327927e-02 0 7.308858e-04 0 1.370411e-03 3.460287e-03 0 1.027808e-04 3.768630e-04 6.246788e-03 0 8.454290e-02 5.666647e-02 4.910638e-04 1.713013e-04 1.827214e-04 3.917091e-03 0 1.004511e-01 2.752242e-03 1.610232e-03 6.852054e-05 6.440929e-03 8.793468e-04 1.483469e-02 3.540228e-04 0 7.423056e-04 1.256209e-04 1.142009e-05 4.774738e-02 1.496031e-03 1.941414e-04 1.027808e-03 0 9.524356e-03 4.568036e-05 2.626621e-04 0 1.142009e-05 0 1.713013e-04 0 1.187689e-03 0
e         0 9.053739e-03 0 2.920560e-04*2 0*4 8.761684e-04 0*2 2.920560e-04*2 0*3 8.119159e-02 1.460281e-03 2.920560e-04 0*3 2.044392e-03 0*8 2.336449e-03 0 5.841123e-03 0*3 2.920560e-04 0*2 2.570093e-02 1.139019e-02 0*4 5.636682e-02 7.739485e-02 1.460281e-03 0*2 2.920560e-04 0 2.920560e-04 5.373831e-02 1.080608e-01 8.674066e-02 2.132010e-02 4.439252e-02 0*3 1.314253e-02 5.928739e-02 1.168224e-03 1.804906e-01 0*4 6.074767e-02 0*3 2.920560e-04 0 8.878504e-02 4.380842e-03
e6        0*54 1 0*24
e:        0 4.530377e-02 2.804935e-02 2.362663e-02 1.745810e-03 3.026070e-03 0*3 9.660149e-03 0 1.105680e-02 8.729052e-05 5.528399e-04 0*3 3.776769e-02 1.513035e-03 4.800977e-03 0*7 2.909683e-05 0*4 4.102653e-03 0 9.601954e-04 0 1.076583e-03 0 1.251164e-03 0*2 3.692388e-02 3.136639e-02 0*2 8.729048e-04 1.745810e-04 3.346135e-03 5.953212e-02 8.990923e-03 0*2 4.655495e-04 3.782588e-04 2.356843e-03 1.722532e-02 1.204609e-02 1.537768e-01 3.622265e-01 3.782588e-04 0 4.364524e-04 8.729052e-05 5.761172e-03 1.513035e-02 3.986266e-03 7.373138e-02 0*2 1.454841e-04 3.200653e-04 8.961826e-03 0*3 8.438083e-04 0 1.414106e-02 1.178422e-02
e:6       0 6.605565e-02 1.155974e-03 4.954175e-04 6.605566e-03 1.899100e-03 0*3 1.288085e-02 2.477087e-04 8.256953e-05 1.155974e-03 5.779869e-04 0*3 2.311948e-02 3.550491e-02 7.761537e-03 8.256953e-05 0*11 2.163323e-02 0 3.302783e-03 8.256953e-05 8.504665e-03 0 5.862438e-03 0*2 1.634878e-02 7.571629e-02 0*2 4.954175e-04 1.659648e-02 9.545043e-02 6.729419e-02 1.882586e-02 0*2 2.972505e-03 8.256953e-05 1.015606e-02 1.527537e-02 2.303691e-02 2.906449e-02 7.497316e-02 0*2 1.733961e-03 5.779869e-04 9.412931e-03 1.890843e-02 1.764512e-01 6.613822e-02 0*2 1.321113e-03 3.302781e-04 4.136735e-02 8.256953e-05 0*2 1.733961e-03 0 3.269755e-02 5.945010e-03
f         0 2.179203e-02 1.988140e-02 2.523478e-04 1.935867e-02 5.430884e-02 3.064222e-04 4.001514e-03 0 1.993547e-02 2.323402e-02 3.244471e-04 7.363146e-02 9.084517e-03 1.802485e-05 5.407451e-05 0 8.345501e-03 2.487428e-03 8.633896e-03 2.811875e-03 7.920113e-02 5.046953e-04 0*3 7.209938e-05*2 1.979127e-02 1.279764e-03 1.081491e-04 0 4.172751e-02 0 1.557346e-02 1.732187e-02 7.390183e-03 2.883974e-03 4.452135e-03 0*2 3.280520e-03 1.496062e-02 3.947440e-03 0 1.719570e-02 9.012419e-04 4.848681e-03 5.335352e-03 2.847924e-03 4.142108e-02 0 1.633051e-02 2.564934e-02 2.631627e-03 1.135565e-03 4.302529e-02 1.737594e-02 2.837110e-02 2.036807e-03 0 6.506965e-03 6.595289e-02 6.128444e-04 9.583806e-02 3.262496e-03 8.385155e-02 9.012423e-05 0 1.568161e-03 5.731899e-03 1.440185e-02 0 3.244471e-04 0 3.731141e-03 2.152166e-02 2.775825e-03 3.695091e-03
g         0 4.508114e-04 3.010669e-01 7.513526e-05 1.269786e-02 3.774294e-02 9.767581e-04 0*2 4.227610e-02 5.009017e-05 6.116009e-02 1.868363e-02 0 2.504507e-05 0*2 1.001803e-04 4.983970e-03 3.042977e-02 1.001803e-04 7.789021e-03 3.556401e-03 0*3 2.504507e-05 0 1.094470e-02 8.014428e-04 2.504507e-05 0 6.822279e-02 0 1.883390e-02 3.756763e-04 1.552795e-03 0 1.001803e-04 0*2 3.506312e-04 3.255862e-04 1.928471e-03 0 1.005560e-01 6.010818e-04 1.753156e-04 2.053697e-03 1.753156e-04 5.009015e-04 0 1.472651e-02 2.003607e-04 2.504509e-04 2.254057e-03 4.813665e-02 1.277299e-03 5.384693e-03 2.830094e-03 0 2.254057e-04 0 5.009017e-05 5.299539e-02 2.754960e-04 1.252254e-04 1.302344e-03 0 1.396764e-01 5.009017e-05 2.504509e-04 0*3 2.254057e-04 0 5.009017e-05 0
h         0 7.527523e-03 2.462274e-03 0 7.369235e-02 3.433114e-02 3.517535e-05 0*2 4.931584e-02 3.869288e-04 6.718492e-03 5.803933e-03 8.442083e-04 2.641669e-02 1.055261e-04 0 1.195962e-03 2.462275e-04 1.459777e-02 0 7.386822e-04 0*4 5.452179e-03 2.803475e-02 0 1.125611e-03 0*2 2.062331e-01 0 2.219213e-01 0 4.724049e-02 0 4.045165e-02 7.035073e-05 0 2.110521e-03 4.537619e-03 1.055261e-04 0 1.618066e-03 1.255760e-02 8.793837e-04 1.969820e-03 7.738577e-04 7.035073e-05 0 1.090436e-03 3.577333e-02 1.477364e-03 1.160787e-03 6.683316e-04 2.353231e-02 4.928067e-02 4.512997e-02 0 3.088396e-02 1.055261e-04 4.924550e-04 2.814029e-04 1.160787e-03 7.738577e-04 1.055261e-04 0 1.477364e-03 1.160787e-03 4.115516e-03 0*3 4.221042e-04 3.517535e-05 1.195962e-03 1.055261e-04
i         0 8.025706e-02 1.345091e-03 7.472723e-04*2 4.483636e-04 0*3 9.116724e-03 2.989089e-04 0 7.472723e-04 0*4 1.913017e-02 3.586909e-03 8.668362e-03 0*12 1.225527e-02 1.494545e-04 6.725451e-03 0 1.345091e-03 0 6.725451e-03 0*2 2.196981e-02 4.692871e-02 0*3 5.978178e-04 2.809745e-02 1.599163e-02 1.733672e-02 0*2 2.989089e-04 0 3.138544e-03 1.599163e-02 3.462860e-01 1.778508e-02 8.982216e-02 9.714541e-03 0 2.540727e-03 0 1.076073e-02 3.781199e-02 3.437452e-03 7.039306e-02 1.494545e-04 0 1.494545e-04*2 4.379017e-02 0*3 2.989089e-04 0 2.271708e-02 4.154835e-02
i6        0 1.282051e-02*78
i:        0 3.186409e-02 2.453091e-03 2.870638e-03 2.975026e-03 6.002243e-04 0*3 8.690205e-03 9.133851e-04 2.009447e-03 8.089983e-04 1.826770e-04 0*3 1.205668e-02 1.192620e-02 5.741276e-03 2.609671e-05 0*5 5.219344e-05 0*5 1.009943e-02 0 2.948928e-03 0 3.157702e-03 0 4.018894e-03 0*2 3.737049e-02 1.214280e-01 0*2 1.122159e-03 3.183799e-03 3.541324e-02 4.180693e-02 9.786266e-03 0*2 1.096062e-03 8.350946e-04 3.992798e-03 2.124272e-02 4.807014e-02 5.931783e-02 2.474751e-01 2.609671e-05 0 7.829013e-04 0 3.750097e-02 2.920222e-02 1.858086e-02 6.049218e-02 0*2 1.826770e-04 4.958377e-04 4.506903e-02 0*3 1.017772e-03 2.609671e-05 6.766879e-02 3.418669e-03
i:6       0 7.430495e-02 1.309064e-03 9.350454e-04 1.003616e-02 9.973817e-04 1.246727e-04 0*2 1.944895e-02 1.683082e-03 1.246727e-04 6.856999e-04 0*4 2.262810e-02 1.976063e-02 5.441965e-02 0*6 6.233638e-05 0*5 2.474754e-02 0 1.122054e-02 1.246727e-04 2.244109e-02 0 3.079416e-02 0*2 1.751652e-02 1.119561e-01 0*2 1.745418e-03 3.241491e-03 3.497070e-02 4.550555e-02 2.830071e-02 0*2 8.727092e-04 7.480363e-04 1.302830e-02 2.069568e-02 2.960978e-02 5.691310e-02 9.942651e-02 0*2 8.727092e-04 0 7.168681e-03 9.288121e-03 2.842538e-02 7.393093e-02 0*2 6.233638e-05 3.116818e-03 4.675227e-02 0*3 3.366163e-03 0 5.435731e-02 1.228027e-02
j         0 2.757149e-03 1.240717e-02 0 8.747276e-02 4.447013e-05 7.115221e-04 4.447013e-05 0 3.112910e-04 0*2 6.714991e-03 3.557610e-04 0*3 4.447013e-04 4.447013e-05 4.580425e-03 4.447013e-04 0 1.334105e-04 0*3 4.447013e-04 4.447013e-05 1.334105e-04 0 8.894030e-05 0 4.909503e-02 0 6.895095e-01 0 1.423044e-03 0 6.092408e-03 0*2 4.447013e-05 0 7.115221e-04 0 2.445857e-02 0 1.334105e-04 4.447013e-05 2.223507e-04 0*3 8.894030e-05 4.447013e-05 0*2 3.112910e-04 2.223507e-04 7.248633e-03 0 1.747676e-02 0 4.447013e-05*2 0 1.200694e-03 2.134566e-03 4.447013e-05 8.146928e-02 4.447013e-05 5.781118e-04 0*3 4.447013e-05 0 4.447013e-05*2
k         0 6.446985e-02 3.798570e-02 1.176028e-03 8.702604e-03 1.434754e-03 9.878633e-04 0*2 1.575877e-02 1.552357e-03 6.844482e-03 5.880139e-02 1.246589e-03 1.411234e-04 0*2 1.477091e-02 3.998495e-03 2.716624e-02 1.089002e-02 4.492427e-03 7.996990e-04 0*3 8.467401e-04 2.352056e-05 2.893029e-03 9.467024e-02 3.763289e-04 0 8.152225e-02 2.352056e-05 1.378305e-02 0 3.624518e-02 0 7.197291e-03 0*2 7.032645e-03 4.196067e-02 2.352056e-05 0 4.125506e-02 2.046288e-03 3.161163e-02 6.750399e-03 1.679368e-02 1.034905e-03 0 1.938094e-02 5.880140e-04 2.093330e-03 4.092577e-03 6.282341e-02 1.359488e-02 1.519428e-02 2.845988e-03 0 4.233701e-03 6.820961e-04 3.198796e-03 1.740521e-02 9.671654e-02 5.659046e-02 5.880140e-04 4.704109e-05 4.421866e-03 1.646440e-04 1.978079e-02 2.352056e-05 0*2 7.291373e-04 4.704109e-05 6.303508e-03 2.114498e-02
l         0 4.024694e-02 4.041748e-02 9.209045e-03 4.184999e-02 2.336369e-03 5.457211e-04 2.080562e-03 0 9.730891e-02 3.751833e-04 3.410759e-05 9.788875e-03 1.193765e-04 5.235512e-03 0*2 1.495617e-02 5.644805e-03 1.084621e-02 1.705379e-05 1.603056e-03 1.705379e-05 0*3 1.688325e-03 4.433985e-04 1.255159e-02 3.069683e-04 1.705379e-05 0 4.509021e-02 0 4.488557e-02 6.821514e-05 8.915721e-02 3.410759e-05 2.199939e-02 1.023227e-04 0 1.952658e-02 2.273270e-02 3.598349e-03 0 3.143013e-02 1.006173e-03 3.968416e-02 8.970291e-03 6.292847e-03 1.773594e-02 0 3.860977e-02 4.263447e-04 9.925302e-03 6.565707e-03 2.950305e-03 1.790648e-02 3.704082e-02 5.354889e-03 0 1.347249e-02 1.875917e-04 1.243221e-02 2.336369e-03 1.761656e-02 6.782291e-02 1.398410e-03 0 1.758246e-02 1.159657e-03 1.354071e-02 1.705379e-05 1.364303e-04 0 4.672738e-03 0 6.884614e-02 1.004468e-02
m         0 5.919441e-02 2.492982e-02 6.126633e-04 1.157376e-02 8.599563e-03 5.792453e-04 2.227865e-05 0 1.125406e-01 2.005079e-04 1.113933e-05 1.347859e-03 8.510450e-03 2.227865e-05 0*2 1.498240e-02 5.859288e-03 2.893998e-02 0 2.245689e-02 5.569666e-05 0*3 1.062692e-02 0 2.549793e-02 1.367910e-02 3.341798e-05 0 7.610391e-02 1.113933e-05 5.153055e-02 4.010159e-04 4.680747e-02 2.194448e-03 4.700798e-03 2.227865e-05 0 2.800428e-02 2.555363e-02 4.901306e-04 0 1.915965e-03 8.120574e-03 3.594662e-02 6.761574e-03 1.155148e-02 6.093213e-03 0 3.967830e-02 6.041973e-02 8.231967e-03 6.327138e-03 5.736755e-03 4.748697e-02 1.880319e-02 4.444592e-03 0 1.986143e-02 1.225326e-04 4.879026e-03 2.149891e-03 1.071603e-02 3.511117e-02 2.717996e-03 0 5.012699e-04 2.807111e-03 3.124582e-02 3.341798e-05 4.455733e-05 0 1.392417e-03 0 2.685692e-02 1.394644e-02
n         0 7.209526e-02 4.729672e-02 2.619244e-03 8.208484e-03 8.244922e-04 2.181944e-03 9.110409e-05 0 4.836719e-02 5.375144e-04 5.420695e-04 2.370985e-02 2.377818e-03 1.167499e-02 6.377291e-05 0 1.864902e-02 1.197564e-02 1.967394e-02 9.110414e-06 1.685426e-04 7.743851e-05 5.010728e-05 0*2 3.780821e-04 4.555209e-06 1.678138e-02 0 1.822084e-05 0 2.486688e-02 1.822084e-05 2.242984e-02 4.555209e-06 1.050431e-02 0 1.425779e-02 1.366561e-04 0 2.117260e-02 6.620537e-02 3.188644e-05 0 1.496385e-02 4.846739e-03 4.794355e-02 1.451745e-02 2.699871e-02 4.741970e-03 0 2.988216e-03 6.741707e-04 9.757251e-03 1.338775e-02 5.507246e-03 2.292636e-02 3.966218e-02 4.177124e-03 0 9.584155e-03 2.368708e-04 4.965176e-03 4.350223e-03 5.697653e-02 1.307390e-01 3.275194e-03 0 2.017957e-03 1.396626e-02 4.444060e-02 4.555209e-06 0*2 1.252682e-03 1.822084e-05 3.195022e-02 3.512520e-02
o         0 7.900209e-02 8.795779e-04 1.047497e-02 3.918120e-03 1.279386e-03 0*3 5.461378e-02 2.398848e-04 0 7.196546e-04 1.599232e-04 0*3 2.023029e-02 6.556853e-03 3.918120e-03 0*3 7.996162e-05 0*8 1.735168e-02 0 2.638734e-03 0 4.557812e-03 0 6.636813e-03 0*2 7.188550e-02 6.668798e-02 0*2 7.996162e-05 1.679194e-03 4.046058e-02 5.477370e-02 1.487286e-02 0*2 4.797697e-04 6.396930e-04 7.836240e-03 1.468095e-01 1.287382e-02 6.396929e-02 3.086518e-02 7.996162e-05 0 1.199424e-03 1.599232e-04 6.476892e-03 4.134016e-02 1.719175e-02 1.359348e-01 0*4 4.062050e-02 0*3 1.039501e-03 0 1.847113e-02 1.031505e-02
o6        0*54 5.000000e-01 0*11 5.000000e-01 0*12
o:        0 4.401438e-02 6.279616e-04 5.137867e-04 2.968544e-03 5.708741e-04 5.708738e-05 0*2 1.809671e-02 2.283495e-04 2.283496e-03 3.425245e-04 1.712622e-04 0*3 1.364389e-02 8.620197e-03 1.153166e-02 0*12 9.019810e-03 0 1.198835e-03 0 7.478448e-03 0 3.881944e-03 0*2 4.469943e-02 1.504253e-01 0*2 1.141748e-04 3.425245e-04 1.156591e-01 2.648856e-02 7.535535e-03 0*2 5.708738e-05 0 5.822916e-03 1.004738e-02 4.332934e-02 3.253982e-02 2.365131e-01 0*2 7.421361e-04 5.708738e-05 7.649711e-03 1.250214e-02 4.698293e-02 3.505167e-02 0*2 2.283495e-04 0 7.016042e-02 3.139808e-03 0*2 7.421361e-04 0 1.038991e-02 1.352971e-02
o:6       0 5.133873e-02 0*2 2.210759e-03 2.456400e-04*2 0*2 6.877918e-03 1.719480e-03 0 1.228199e-03 9.579956e-03 0*3 9.579956e-03 2.591501e-01 4.175878e-03 0*12 2.112503e-02 0 5.649717e-03 0 3.684598e-03 0 9.825594e-04 0*2 9.948415e-02 3.488087e-02 0*2 2.456400e-04 4.912798e-02 1.768607e-02 2.603783e-02 4.618030e-02 0*2 2.456400e-04*2 3.438959e-03 8.351755e-03 4.298698e-02 1.265046e-01 2.235323e-02 0*2 1.228199e-03 2.456400e-04 3.193319e-03 1.522967e-02 2.456399e-03 4.642594e-02 0*2 2.456400e-04*2 2.309015e-02 4.912797e-04 0*2 2.947678e-03 0 1.744043e-02 3.119627e-02
p         0 7.954485e-02 2.216201e-02 2.709293e-04 7.260904e-03 9.428339e-03 4.768356e-03 5.418586e-05 0 7.965319e-03 4.876728e-04 0 4.389055e-03 5.418586e-03 2.709293e-04 0*2 9.753456e-03 1.706854e-02 9.319967e-03 0 8.127880e-04 0*4 1.083717e-04 0 1.132485e-02 1.083717e-04*2 0 1.149824e-01 0 1.338391e-02 0 4.009754e-03 5.418586e-05 3.467895e-03 7.044160e-04 0 3.955569e-03 3.110268e-02 3.034408e-03 5.418586e-05 3.635871e-02 5.418586e-04 2.091574e-02 9.536712e-03 7.206718e-03 2.275806e-03 0 2.888106e-02 1.300461e-03 8.236251e-03 6.339744e-03 6.903277e-02 1.235438e-02 1.164996e-02 3.522082e-03 1.083717e-04 2.384178e-03 5.418586e-05 5.960445e-04 2.167976e-01 3.099431e-02 1.217556e-01 2.167434e-04 0 9.211596e-04 0 1.755622e-02 0*3 4.876728e-04 5.418586e-05 1.869412e-02 5.852073e-03
r         0 2.241470e-02 8.611159e-02 8.269499e-04 1.134662e-01 3.046657e-04 2.350279e-03 0*2 8.208564e-02 2.611420e-04 4.352366e-05 7.181405e-03 0 1.264363e-02 1.523329e-04 2.176184e-05 2.045612e-03 7.050837e-03 2.319812e-02 0 1.806233e-02 4.352366e-05 0*3 1.458043e-03 0 5.266366e-03 2.176183e-04 0*2 2.959610e-02 0 4.989989e-02 0 1.660211e-01 5.658077e-04 5.775592e-02 2.611420e-04 2.829038e-04 2.391626e-02 8.791783e-03 1.830171e-02 0 1.027159e-02 6.963789e-04 8.421832e-03 3.808322e-03 2.807277e-03 5.984504e-03 0 2.060846e-02 1.088092e-03 2.132661e-03 1.671309e-02 2.284993e-03 6.376218e-03 1.405815e-02 2.332869e-02 0 1.203429e-02 6.093315e-04 1.436282e-03 1.153377e-03 3.764799e-03 3.797441e-02 1.479805e-02 0 1.138144e-02 1.305711e-04 6.572075e-03 0 7.050837e-03 0 2.818158e-02 2.350279e-03 2.654944e-03 1.072859e-02
s         0 6.271269e-02 2.894013e-02 2.206442e-03 1.497894e-02 1.514987e-03 1.631523e-04 0*2 7.623102e-02 8.313004e-04 3.884580e-05 8.313004e-04 8.546081e-05 2.058828e-03 0*2 2.410771e-02 1.020091e-02 2.145066e-02 6.914554e-04 8.546081e-05 7.769161e-06 1.553833e-05 0*2 6.992245e-05*2 4.785805e-03 3.107664e-05 1.631523e-04 0 1.365042e-02 3.107664e-05 3.768044e-03 7.769161e-06 3.035412e-02 0 6.518328e-03 2.330749e-05 0 1.636963e-02 4.732196e-02 1.398450e-04 0 4.336746e-02 2.074366e-03 2.460494e-02 3.196234e-02 1.817207e-02 1.041068e-03 0 7.877931e-03 1.530525e-03 1.330857e-02 1.452833e-02 7.629319e-03 3.305778e-02 5.116770e-02 1.243066e-04 0 1.344065e-03 2.796898e-04 6.790249e-03 9.478379e-03 1.124975e-02 1.672934e-01 1.190236e-02 2.330749e-05 2.033190e-02 4.405116e-03 1.116429e-01 4.661496e-05 6.215331e-05 0 3.076588e-03 7.769161e-06 1.888683e-02 1.227528e-02
t         0 6.107975e-02 9.945536e-02 1.705289e-03 2.090631e-02 2.091292e-02 1.017886e-03 1.123640e-04 0 2.985578e-02 3.899691e-04 5.287717e-05 2.412521e-03 9.253507e-05 3.106534e-04 3.767500e-04 0 1.814348e-02 9.861596e-03 1.477256e-02 1.784604e-04 4.395416e-03 1.189736e-04 0*3 9.914469e-05 5.287717e-05 3.031845e-02 6.609649e-06 3.965789e-05 0 1.898952e-02 0 7.784182e-02 0 5.902414e-03 1.321929e-05 4.150860e-03 0*2 6.953351e-03 2.491837e-02 3.437016e-03 1.982894e-05 1.080016e-02 8.262058e-04 1.444869e-02 6.781500e-03 1.184449e-02 1.480561e-03 0 6.622865e-03 1.725118e-03 6.583209e-03 3.985617e-03 9.987176e-03 1.416448e-02 7.221040e-02 3.912911e-03 0 4.507781e-03 6.940131e-04 3.899691e-03 2.599574e-02 2.616032e-01 7.125200e-03 1.930017e-03 0 3.998836e-03 2.762833e-03 2.802490e-02 0*3 9.914469e-04 9.782277e-04 1.177178e-02 2.144830e-02
u         0 4.658386e-03 0*2 4.917185e-02 0*4 3.364389e-03 0 7.763976e-04 0*5 4.063147e-02 1.449275e-02 2.587991e-04 0*12 5.434782e-03 0 3.618012e-01 0 2.587991e-04 0 5.175984e-04 0*2 2.510352e-02 2.251553e-02 0*2 1.035197e-03 0 2.277433e-02 6.728777e-03 4.399586e-03 2.846791e-03 0 2.329193e-03 0 1.552795e-03 9.316772e-03 3.002071e-02 2.665632e-02 2.613872e-02 0*2 2.587991e-04 0 1.293996e-03 1.436336e-01 1.811594e-03 1.112836e-02 0*4 6.469981e-03 1.552795e-03 0*4 1.702899e-01 7.763976e-04
u6        0*42 1.666667e-01 0*11 8.333333e-01 0*24
u:        0 2.164667e-02 5.713197e-03 1.269600e-04 1.650479e-03 8.887197e-04 0*3 4.062717e-03 3.173998e-04 2.475719e-03 3.173998e-04 0*4 1.288643e-02 8.887197e-03 2.412239e-03 0*12 3.618359e-03 2.539198e-04 1.142640e-03 0 2.856598e-03 0 1.079160e-03 0*2 1.510823e-02 5.300578e-02 0*2 5.713199e-04 0 4.481686e-02 9.521994e-03 7.427156e-03 3.173998e-04 0 1.015679e-03 9.521994e-04 1.206120e-03 1.158510e-01 6.646352e-02 3.408875e-02 1.108360e-01 0*2 1.269600e-04 6.347996e-05 1.288643e-02 5.586237e-03 9.395035e-03 3.395544e-01 0*2 1.904399e-03 0 7.554117e-03 7.808037e-02 0*2 2.539198e-04 0 1.098203e-02 2.094839e-03
u:6       0 1.367058e-01 0 3.500788e-04 3.500789e-03 8.751971e-04 0*3 1.557850e-02 3.500788e-04 0 5.251180e-04 0*4 1.802906e-02 7.876771e-03 9.277087e-03 0*12 2.923158e-02 0 7.526694e-03 0 2.135481e-02 0 1.190268e-02 0*2 2.783126e-02 1.225276e-01 0*2 1.750394e-04 1.575355e-03 1.417819e-01 1.120252e-02 1.662874e-02 0*2 3.500788e-04 0 3.150710e-03 8.401888e-03 6.371433e-02 2.923158e-02 5.951339e-02 0*2 4.200944e-03 3.500788e-04 4.200944e-03 1.435323e-02 7.876771e-03 8.314371e-02 0*4 2.993173e-02 1.750394e-04 0*2 1.575355e-03 0 2.625591e-02 7.876773e-02
v         0 1.323029e-03 2.166863e-02 0 6.097227e-02 2.145888e-03 1.895803e-02 4.301457e-02 0 3.149454e-02 1.344003e-02 0 8.167282e-02 2.097485e-03 9.680701e-05 0*2 2.904209e-04 1.613450e-05 1.949047e-02 9.358010e-04 2.662192e-03 5.637393e-02 0*3 3.872278e-04 0 6.116587e-02 1.323029e-02 7.099177e-04 0 1.548589e-01 0 4.130431e-02 1.468240e-03 8.084997e-02 3.226899e-05 1.613449e-04 0*2 3.226899e-05 1.613449e-04 5.163040e-04 0 2.717049e-02 1.435970e-02 1.290759e-04 4.840348e-05 1.290759e-04 2.791268e-03 0 1.078914e-01*2 2.097484e-04 3.226899e-05 2.097484e-04 1.936139e-04*2 1.871602e-03 0 2.395973e-02 0*2 1.452105e-04 0 1.613450e-05 0*2 1.613450e-05 0 8.551283e-04 0*3 6.453800e-05 9.680701e-05 6.453800e-05 1.290759e-04
x         0 6.778426e-02 1.711677e-01 3.068896e-04 3.759399e-03 1.150836e-03 0*3 2.320853e-02 2.531840e-03 3.076569e-02 7.672243e-04 0*4 2.712138e-02 2.317017e-02 1.016572e-02 0*8 3.145619e-03 0*3 1.404020e-02 3.836121e-05 3.222341e-03 0 2.228786e-02 0 5.600735e-03 7.672239e-05 0 1.557465e-02 8.765537e-02 0*2 1.918061e-04 1.496087e-03 3.368114e-02 2.662268e-02 2.923124e-02 0*2 1.227559e-03 2.301673e-04 4.296455e-03 1.116311e-02 5.025319e-03 6.847475e-02 6.118613e-02 0*2 2.109867e-03 2.301673e-04 3.222341e-03 6.905019e-03 8.132575e-03 1.576646e-01 0*2 3.836121e-05 6.521406e-04 2.719810e-02 3.836121e-05 0*2 2.340034e-03 0 2.290164e-02 1.219886e-02
y         0 1.111111e-01 2.267573e-03 1.360544e-02 0*5 3.401361e-02 0*7 1.814059e-02 4.081632e-02 2.494331e-02 0*12 4.308390e-02 0 1.360544e-02 0*3 3.854875e-02 0*2 9.070293e-03 3.174604e-02 0*2 2.267573e-03*2 4.535148e-02 1.587302e-02 1.360544e-02 0*3 2.267573e-03*3 6.349207e-02 5.668934e-02 2.040816e-02 0*2 4.535147e-03 0 2.267573e-03 1.859410e-01 1.587302e-02 2.721089e-02 0*4 4.535148e-02 0*5 3.628118e-02 7.482993e-02
y6        0 1.282051e-02*78
y:        0 1.088570e-02 2.449282e-02 1.335972e-02 7.422069e-04 1.484414e-03 0*3 1.237011e-03 0 4.453241e-03 0*5 2.201880e-02 2.548243e-02 3.216230e-03 0*12 7.422069e-04 0 2.474023e-04 0 2.474023e-04 0 2.474023e-03 0*2 4.631371e-01 1.113310e-02 0*2 2.474023e-04 0 1.459674e-02 9.203365e-02 1.237011e-03 0*4 9.896091e-04 1.781297e-02 1.509154e-02 4.948046e-03 1.360713e-02 0*2 7.422069e-04 0 1.063830e-02 2.152400e-02 1.833251e-01 2.053439e-02 0*4 9.401286e-03 0*3 2.474023e-04 0 3.711034e-03 3.958437e-03
y:6       0 9.004739e-02 0 4.739336e-03 3.385241e-03 6.770482e-04 0*3 8.124578e-03 0*2 6.770482e-04 0*4 3.723764e-02 5.416385e-03 4.265403e-02 0*12 1.624916e-02 0 6.770482e-03 0 6.973596e-02 0 4.739336e-03 0*2 6.770482e-03 1.570751e-01 0*4 3.249831e-02 8.124578e-03 4.129993e-02 0*2 3.385241e-03 1.354096e-03 6.093434e-03 7.447527e-03 9.275559e-02 1.178064e-01 7.515234e-02 0*2 1.354096e-03 0 1.354096e-03 4.062289e-03 3.317536e-02 3.723764e-02 0*2 6.770482e-04 0 1.760325e-02 0*3 1.354096e-03 0 4.671632e-02 1.624916e-02
z         0 3.485478e-03 6.596325e-02 3.319502e-04 6.468287e-02 7.397749e-03 4.742146e-04 0*2 9.292235e-02 7.113216e-05 2.371073e-05 6.276230e-02 1.707173e-03 9.484292e-05 0*2 9.010077e-04 3.793717e-04 6.544162e-03 4.742144e-05 7.824542e-04 0*4 1.398933e-03 9.484292e-05 1.249555e-02 1.422644e-04 0*2 3.727326e-02 0 5.820984e-02 0 1.972733e-02 0 4.291641e-03 9.484292e-05 0 2.133966e-04 1.991701e-03 9.128630e-03 2.371073e-05 5.925311e-02 3.888560e-02 4.742146e-04 8.298754e-04 6.639003e-04 2.584470e-03 0 1.715708e-01 1.541198e-03 1.707173e-03 2.371072e-04 1.896858e-04 3.983402e-03 1.790160e-02 1.239834e-01 0 9.123889e-02 4.742144e-05 9.484292e-05 6.639003e-04 4.765856e-03 3.556610e-04*2 0 2.112626e-02 4.267932e-04 1.304090e-03 0*3 8.298754e-04 0 1.304090e-03 2.371073e-05
!EXIT     0 1.282051e-02*78