Database	TOTAL
Words	557561
total     2126634
!ENTER    0 2.141073e-02 1.585980e-04 2.378970e-04 8.326394e-04 3.964950e-05 0 2.815115e-03 7.929896e-05 1.585980e-04 0*2 2.055034e-01 7.692002e-03 2.775466e-04 0*3 3.964950e-05*2 0*2 8.722890e-04 2.378970e-04 3.964950e-04 7.929896e-05 0 9.476233e-03 9.682407e-02 0 1.189484e-04 1.661314e-02 1.095516e-01 2.271916e-02 0 3.171958e-04 2.876968e-01 7.612704e-03 2.735816e-03 6.732484e-02 3.683439e-02 0 1.189484e-04 5.075136e-03 2.696166e-03 2.378970e-03 1.764403e-02 0 3.171958e-04 4.789660e-02 0*2 1.585980e-04 2.097459e-02 4.044249e-03
<p:>      0 9.874021e-02 3.201908e-03 3.290236e-03 4.548917e-03 1.545749e-04 0 1.737863e-02 2.760267e-04 1.656159e-03 0*2 1.566506e-01 1.301741e-02 1.532499e-02 0 1.104107e-05 0 1.104107e-05 0*3 1.349218e-02 4.968478e-03 3.003169e-03 3.312319e-03 0 4.052070e-02 1.283965e-01 1.104107e-05 5.332832e-03 5.266586e-02 3.832353e-02 2.368308e-02 0 2.649855e-03 4.383302e-02 3.135661e-02 6.447981e-03 4.860276e-02 4.302702e-02 0 3.798124e-03 9.230327e-03 4.206645e-03 9.097834e-03 4.584249e-02 1.104107e-05 2.771307e-03 8.129533e-02 8.832849e-05 0 2.020514e-03 3.651279e-02 1.236599e-03
@         0 6.214196e-02 4.065591e-04 1.305917e-03 4.743189e-03 3.695993e-05 0 1.579420e-02 4.964949e-03 1.293598e-03 0*2 1.894812e-02 3.926375e-02 6.652786e-03 0 3.695993e-05 0 8.623983e-05 1.231997e-05 0*2 1.282509e-02 5.063509e-03 6.394066e-03 7.428945e-03 0 1.880028e-02 4.532519e-02 0 1.244318e-03 3.724328e-02 2.806490e-02 1.422957e-02 0 2.266875e-03 8.944301e-03 1.749436e-02 2.542843e-02 5.290196e-02 3.387254e-01 0 1.958876e-03 5.408467e-03 3.732952e-02 6.587491e-02 3.604824e-02 0 7.515185e-04 2.667274e-02 1.231997e-05 0 1.108798e-03 3.049194e-02 1.627468e-02
C         0 8.708578e-02 3.398369e-02 6.606791e-04 3.840199e-03 2.064622e-05 0 1.424589e-02 1.032311e-04 2.085269e-03 0*2 3.361206e-02 1.862290e-02 1.531950e-02 2.064622e-05*2 0 2.064622e-05 7.990091e-03 0*2 1.434913e-02 2.849179e-03 5.966761e-03 1.631052e-02 0 2.145143e-02 7.496646e-02 4.129247e-05 3.096934e-03 3.365335e-02 2.952411e-02 3.978528e-02 7.432641e-04 6.875193e-03 1.030247e-02 2.679880e-02 1.102508e-02 5.429958e-02 5.869722e-02 1.858160e-04 6.193867e-04 2.167854e-03 6.462269e-03 4.199442e-02 2.153814e-01 0 3.757612e-03 5.089295e-02 0*2 2.209147e-03 3.187777e-02 1.608341e-02
E         0 2.412823e-03 3.829878e-05 7.491240e-02 5.744817e-05 0*2 4.978839e-04 2.640700e-02 0*3 3.657532e-03 1.761743e-03 9.574690e-05 0*4 2.451887e-01 0*2 4.404357e-04 7.659752e-05 1.723444e-04 9.574690e-05 0 1.340457e-04 4.059669e-03 0 3.829878e-05 5.530342e-02 4.021371e-04 7.468259e-04 0 1.148963e-04 1.340457e-04 4.653300e-02 9.725971e-02 3.716896e-02 1.650677e-01 0 3.829878e-05 8.215086e-03 4.442658e-03 1.022577e-01 1.161410e-01 0*2 3.714981e-03 0*2 1.914938e-05 9.766188e-04 1.417054e-03
E:        0 1.064415e-02 3.505230e-02 1.761791e-02 5.505596e-04 0*2 5.872636e-03 1.835199e-04 0*3 1.082767e-02 0 3.670398e-04 0*4 5.601028e-01 0*2 1.835199e-04 7.340795e-04*2 3.670398e-04 0 8.808954e-03 7.157277e-03 0 5.505596e-04 7.157277e-03 7.340795e-03 0 3.670398e-04 7.340795e-04 1.101119e-03 8.992475e-03 1.174527e-02 2.771151e-02 1.266287e-02 0*3 2.024225e-01 2.422463e-02 3.376767e-02 0*2 3.670398e-04 0*3 1.284640e-03 3.670398e-04
E~        0 1.851852e-02*54
I         0 2.840182e-03 4.677945e-04 3.944510e-01 4.232427e-04 0*2 1.136073e-03 2.400232e-02 1.670695e-04 0*2 1.514763e-03 1.509195e-02 1.782074e-04 1.113796e-05 0*2 1.113796e-05 3.508459e-02 0*2 4.455187e-04 3.786909e-04 3.564149e-04*2 0 4.789325e-04 1.067017e-02 0 1.559316e-04 6.114743e-03 1.660671e-02 6.036779e-03 0 3.452769e-04 5.101189e-03 2.453694e-02 1.597184e-02 5.147967e-02 1.430672e-01 0 1.113796e-05 3.965117e-03 3.564149e-04 1.512647e-01 8.042725e-02 0 1.782074e-04 1.603867e-03 0*2 7.796575e-05 4.432911e-03 2.004834e-04
N         0 1.121123e-01 8.738476e-02 3.143336e-04 1.278290e-02 0*2 1.975063e-02 2.315591e-02 5.815172e-03 0*2 1.561190e-02 4.767392e-03 1.896480e-02 1.047779e-04 0*3 9.849119e-03 0*2 2.231769e-02 4.191114e-03 4.872172e-03 6.496226e-03 0 1.288768e-02 6.485751e-02 0 9.430007e-04 2.729463e-02 3.033319e-02 1.692163e-02 5.238893e-05 9.430007e-04 1.000629e-02 1.206517e-01 4.479254e-02 2.226530e-02 2.713747e-02 0 4.924560e-03 1.781223e-03 2.462280e-03 6.066638e-02 4.390193e-02 0 5.762782e-04 1.125838e-01 0*2 9.953895e-04 2.692791e-02 1.760268e-02
O         0 5.726605e-04 2.021156e-04 3.368593e-05 9.095196e-04 0*2 9.768913e-04 4.210739e-03 6.737182e-05 0*2 5.389746e-04 4.716029e-04*2 0*4 1.051337e-01 0*2 1.886412e-03 3.368593e-05 2.829616e-03 4.716029e-04 0 3.739137e-03 1.246379e-03 0 2.021156e-04 1.323856e-02 1.212693e-03 1.785354e-02 0 3.368593e-05 2.021156e-04 2.566867e-02 1.109951e-01 1.234589e-01 1.812976e-01 0 3.368593e-05 3.227111e-02 2.526443e-03 1.889780e-02 3.338274e-02 0 3.368593e-05 8.421478e-04 3.130432e-01 0 4.716029e-04 3.705450e-04 1.684296e-04
OY        0 1.433252e-03 2.170352e-02 2.313677e-02 2.047502e-04 0*2 1.105651e-02 0*4 3.071253e-03 5.323505e-03 6.142505e-04 0*4 1.781327e-02 0*2 6.142505e-04 0*4 2.866503e-03 1.146601e-02 0 2.047502e-04 3.828829e-02 3.685503e-03 6.142505e-04 0*2 2.047502e-03 5.180179e-02 3.890255e-03 2.846028e-02 5.272317e-01 0*2 6.142505e-04 2.006552e-02 6.142505e-03 2.147830e-01 0*2 4.095003e-04 0*3 2.047502e-03 4.095003e-04
O~        0*28 1 0*26
Q         0 4.054146e-04 2.702764e-04 4.955068e-04 1.046195e-01 2.319872e-03 0 1.914232e-01 0 9.392101e-03 2.229779e-03 0*3 1.208811e-01 2.905471e-03 0*2 3.040608e-03 0 1.914458e-03 0 2.061983e-01 4.763621e-02 7.937115e-02 5.669047e-02 6.756910e-05 4.504607e-05 1.576612e-04 9.797519e-03 3.065384e-02 4.504607e-05*2 2.252302e-05 5.022636e-03 1.540575e-02 2.252302e-05 0*2 5.405528e-04 2.768080e-02 3.851438e-02 2.211762e-02 0*4 1.306336e-03 1.180207e-02 2.252302e-05 0*2 6.892048e-03 2.252302e-05*2
S         0 1.099870e-02 1.981622e-02 1.392241e-04 3.596621e-02 5.568962e-04 0 1.220531e-02 2.320400e-04 7.286059e-03 1.856322e-04 0 2.552441e-03 6.218676e-03 8.214220e-03 1.424726e-02 0*2 4.487655e-02 3.619826e-03 9.281604e-05 0 1.684611e-02 3.619826e-03 2.278634e-02 5.745313e-02 0 5.104882e-04 3.387786e-03 4.640804e-05 1.206609e-03 1.809913e-03 2.366809e-03 8.353444e-04 8.817523e-04 1.406163e-02 1.902729e-03 1.624280e-03 1.368108e-01 9.188789e-03 5.476147e-02 9.281604e-05 9.476518e-02 1.298032e-01 1.935215e-02 5.104882e-04 2.257750e-01 0 4.919251e-03 2.320401e-02 0*2 6.033043e-04 1.485057e-03 2.181177e-03
U         0 1.382835e-03 6.012323e-05 3.006163e-05 1.503081e-04 0*2 7.816025e-04 1.030813e-01 6.012323e-05 0*2 1.803698e-04 9.920338e-04 6.012323e-05 0*4 4.713663e-02 0*2 2.104315e-04 9.018484e-05 6.012323e-05 3.006163e-05 0 3.306778e-04 2.434992e-03 0 3.006163e-05 1.803698e-03 1.202465e-04 1.503081e-04 0*2 1.503081e-04 1.121299e-02 7.335036e-03 1.677739e-01 5.629340e-01 0*2 1.683451e-03 9.018484e-05 6.733804e-02 1.190441e-02 0*2 5.711709e-04 1.202465e-03 0 3.006163e-05 8.357133e-03 2.404929e-04
Y         0 1.753316e-03 0 2.896783e-03 7.623111e-05 0*2 6.860803e-04 1.448392e-03 0*3 9.147737e-04 6.098491e-04 3.506633e-03 0*4 2.918890e-01 0*2 8.385426e-04 7.623111e-05 4.268943e-03 1.524623e-04 0 1.219698e-03 2.447019e-02 0*2 9.757586e-03 1.219698e-03 1.295929e-03 0 3.049244e-04 2.286934e-04 7.280074e-02 2.271688e-02 9.719469e-02 2.915078e-01 0*2 1.112974e-02 1.143467e-03 1.395792e-01 8.385423e-03 0*2 1.067236e-03 0*3 6.784569e-03 7.623111e-05
Z         0*2 4.659498e-01 0 1.648746e-01 0*2 3.584229e-03 0 5.734767e-02 0*4 1.075269e-02 0*4 7.168459e-03 0*2 4.301075e-02 7.168459e-03 0*5 1.075269e-02 7.526883e-02 0*3 3.584229e-03 8.243728e-02 3.584229e-03 0*2 3.584229e-03 0 2.508961e-02 2.150538e-02 0*5 1.075269e-02 0*3 3.584229e-03 0*2
2        0 1.851852e-02*54
2:       0 2.676537e-02 3.132119e-03 2.562643e-03 2.847379e-04 0*2 5.694761e-04 3.075171e-02 0*3 2.562643e-03 0 5.694761e-04 0 5.694761e-04 0 2.847379e-04 2.437358e-01 0*2 2.847379e-04*2 0*3 2.847379e-04 2.192483e-02 0*3 3.302961e-02 2.847379e-04 0*2 2.847379e-04 2.343394e-01 4.840547e-03 7.403191e-03 2.730638e-01 0*2 1.708428e-03 3.473805e-02 4.071754e-02 2.192483e-02 0*2 2.562643e-03 0*3 1.053531e-02 0
6        0 7.313507e-02 1.069456e-03 5.592567e-03 5.151048e-03 4.905758e-05 0 1.750375e-02 9.311131e-03 1.501163e-03 0*2 1.713091e-02 3.528223e-02 1.891661e-02 0 1.962304e-05 0 9.811525e-06 0 9.811525e-06 0 2.174233e-02 5.023498e-03 1.458973e-02 1.359877e-02 0 3.030779e-02 1.111449e-01 1.962304e-05 6.151823e-03 4.811570e-02 3.781360e-02 2.961117e-02 0 1.422670e-03 8.280923e-03 2.869870e-02 2.392049e-02 7.558796e-02 9.792879e-02 0 2.138912e-03 5.425772e-03 9.281697e-03 5.453243e-02 9.349398e-02 0 8.634138e-04 3.518411e-02 7.849216e-05 0 1.618901e-03 3.622414e-02 2.251744e-02
9        0 7.738739e-04 0 1.916112e-01 1.547748e-04 0*2 1.547748e-04 0*4 6.810091e-03 4.643243e-04 1.547748e-04 0*4 1.919208e-02 0*8 1.702523e-03 0*2 1.207243e-02 1.547748e-04 0*2 1.083424e-03 4.643243e-04 1.547748e-03 1.598824e-01 1.324873e-01 4.254759e-01 0*2 2.182325e-02 3.095497e-04 1.392973e-03 2.166848e-03 0*2 1.934685e-02 0*3 6.190991e-04 1.547748e-04
9~       0 1.851852e-02*54
a         0 6.458178e-03 2.998823e-04 6.426047e-05 3.641426e-04 1.071008e-05 0 9.746170e-04 2.995609e-02 3.213025e-05 0*2 1.542251e-03 1.702903e-03 8.889367e-04 1.071008e-05 2.249116e-04 0*2 2.998823e-04 0*2 1.145978e-03 2.998823e-04 4.391132e-04 3.427225e-04 0 5.194387e-03 4.466103e-03 1.071008e-05 3.641426e-04 9.296349e-03 2.934561e-03 1.167399e-02 0 3.213025e-05 3.148763e-03 7.871908e-03 1.049373e-01 8.691229e-02 2.943879e-01 0 1.392310e-04 3.554675e-02 4.097676e-02 2.048088e-01 4.227268e-02 7.497056e-05 1.071008e-05 2.142016e-03 7.000107e-02 0 6.426047e-05 2.554353e-02 2.131306e-03
a:        0 5.461825e-02 1.375328e-03 3.812792e-04 3.431513e-03 0*2 1.766140e-02 2.252271e-02 4.085135e-04 0*2 1.397116e-02 5.923445e-03 4.861309e-03 1.361711e-05 1.593202e-03 0 1.361711e-05 1.684437e-02 0*2 1.150646e-02 6.141319e-03 4.793225e-03 6.508979e-03 0 1.164672e-01 5.337909e-02 0 1.102986e-03 1.600011e-02 6.895707e-02 2.404782e-02 0 4.085135e-04 5.773658e-03 1.207021e-01 6.334681e-02 7.327368e-02 4.322073e-02 0 6.808558e-04 5.828124e-03 9.450277e-02 9.082615e-03 1.737544e-02 1.361711e-05 5.446843e-05 2.120185e-02 6.024211e-02 0 5.991531e-04 1.074390e-02 2.042567e-02
aI        0 1.638489e-02 2.963891e-03 7.284492e-02 6.053015e-04 0*2 5.886037e-03 2.354415e-02 1.669798e-04 0*2 8.599456e-03 1.279482e-02 6.929661e-03 0*4 8.578585e-03 0*2 2.087247e-03 4.383218e-04 9.392611e-04 8.766435e-04 0 8.244624e-03 4.558547e-02 0 3.757044e-04 4.863285e-03 9.329993e-03 6.867042e-03 0 1.840952e-02 1.899395e-03 5.865164e-03 2.895012e-02 7.950323e-02 3.437696e-01 0 5.009392e-04 5.906908e-03 1.210603e-03 4.877897e-02 1.810687e-01 0 5.635567e-04 6.407847e-03 0*2 8.348987e-05 2.951367e-02 8.662073e-03
aU        0 2.166499e-02 2.041124e-02 5.015045e-05 8.525576e-04 0*2 2.607824e-03 1.504513e-03 9.528584e-04 0*2 6.268806e-03 1.619859e-02 2.156470e-03 0*4 2.106319e-02 0*2 3.259780e-03 7.021065e-04 1.855567e-03 4.012036e-04 0 2.873621e-02 1.278836e-02 0 2.006018e-04 1.736209e-01 4.508526e-02 7.522568e-03 0 1.003009e-04 2.808426e-03 9.277834e-03 3.610832e-03 2.146439e-02 5.060181e-02 0 1.705115e-03 5.712136e-02 2.306921e-03 1.836008e-01 3.365095e-02 0 4.513540e-04 8.826479e-03 2.237212e-01 0 1.003009e-04 1.840521e-02 1.434303e-02
a~        0*16 8.125000e-01 0*15 1.875000e-01 0*22
b         0 6.408834e-03 1.546501e-01 1.799403e-03 4.113978e-02 2.957924e-04 0 2.610860e-01 0 4.091794e-03 8.627278e-04 0 1.232468e-03 8.627278e-04 1.380364e-02 1.405014e-03 0*2 3.697404e-04 1.479948e-01 3.943899e-04 0 9.982991e-03 5.026005e-02 1.391949e-01 5.373561e-03 0 3.697404e-04 4.535482e-03 4.929874e-05 9.440706e-03 6.655327e-04 9.120263e-04 1.405014e-03 2.489586e-03 1.557840e-02 1.059923e-03 3.204418e-04 2.879045e-02 1.964554e-02 2.908624e-03 3.450911e-04 3.007223e-03 2.464936e-05 4.325963e-02 2.021248e-03 6.655327e-04 1.232468e-04 1.476497e-02 9.613251e-04 0 1.922650e-03 2.095196e-03 1.405014e-03 2.464936e-05
d         0 9.707076e-04 7.391082e-02 1.142008e-04 3.649860e-02 1.142009e-05 0 2.397077e-02 0 4.301947e-02 1.404671e-03 0 2.169817e-04 2.626621e-04 8.884828e-03 1.027808e-03 1.119168e-03 0 1.027808e-04 7.703991e-02 2.284017e-05 0 2.899446e-01 9.327927e-02 7.308858e-04 4.830696e-03 0 1.027808e-04 3.768630e-04 6.246788e-03 1.412094e-01 4.910638e-04 1.713013e-04 1.827214e-04 3.917091e-03 1.032033e-01 1.610232e-03 6.852054e-05 6.440929e-03 8.793468e-04 1.483469e-02 3.540228e-04 8.679268e-04 1.142009e-05 4.774738e-02 1.496031e-03 1.941414e-04 1.027808e-03 9.570035e-03 2.626621e-04 0 1.142009e-05 1.713013e-04 1.187689e-03 0
e         0 9.040538e-03 0 2.916301e-04*2 0*2 8.748905e-04 0 5.832606e-04 0*2 8.107320e-02 1.458151e-03 2.916301e-04 0 2.041412e-03 0*2 1.458151e-03 0*2 2.333042e-03 5.832603e-03 0 2.916301e-04 0 2.566346e-02 1.137358e-02 0*2 5.628464e-02 7.728200e-02 1.458151e-03 0 2.916301e-04*2 5.365996e-02 1.079032e-01 8.661418e-02 2.128900e-02 4.432779e-02 0 1.312336e-02 5.920093e-02 1.166521e-03 1.802275e-01 0*2 6.065908e-02 0*2 2.916301e-04 8.865558e-02 4.374452e-03
e:        0 3.349611e-02 2.073877e-02 1.746876e-02 3.528172e-03 0*2 7.142395e-03 8.175032e-03 4.732914e-04 0*2 2.792419e-02 1.118689e-03 3.549685e-03 0*3 2.151325e-05 2.606329e-01 0*2 3.033368e-03 7.099370e-04 7.959901e-04 9.250693e-04 0 2.730030e-02 2.319127e-02 0 7.744767e-04 2.474023e-03 4.401609e-02 6.647591e-03 0 6.238840e-04 1.742573e-03 1.273584e-02 8.906483e-03 1.136975e-01 2.678183e-01 2.796722e-04 3.872384e-04 4.259622e-03 1.118689e-02 2.947314e-03 5.451455e-02 0 3.442119e-04 6.626078e-03 0*2 6.238840e-04 1.045544e-02 8.712864e-03
f         0 2.179203e-02 1.988140e-02 2.523478e-04 7.366751e-02 4.307937e-03 0 4.316949e-02 3.244471e-04 8.271598e-02 7.209938e-05 0 8.345501e-03 2.487428e-03 1.144577e-02 7.970583e-02 0*2 1.441987e-04 1.979127e-02 1.387912e-03 0 4.172751e-02 3.289533e-02 1.027416e-02 4.452135e-03 0 3.280520e-03 1.496062e-02 3.947440e-03 1.809694e-02 4.848681e-03 5.335352e-03 2.847924e-03 4.142108e-02 4.197985e-02 2.631627e-03 1.135565e-03 4.302529e-02 1.737594e-02 2.837110e-02 2.036807e-03 7.245985e-02 6.128444e-04 9.583806e-02 3.262496e-03 8.385155e-02 9.012423e-05 7.300060e-03 1.440185e-02 0 3.244471e-04 2.525280e-02 2.775825e-03 3.695091e-03
g         0 4.508114e-04 3.010669e-01 7.513526e-05 5.044079e-02 9.767581e-04 0 4.232619e-02 6.116009e-02 1.868363e-02 2.504507e-05 0 1.001803e-04 4.983970e-03 3.052995e-02 1.134542e-02 0*2 2.504507e-05 1.094470e-02 8.264875e-04 0 6.822279e-02 1.920958e-02 1.552795e-03 1.001803e-04 0 3.506312e-04 3.255862e-04 1.928471e-03 1.011571e-01 1.753156e-04 2.053697e-03 1.753156e-04 5.009015e-04 1.492687e-02 2.504509e-04 2.254057e-03 4.813665e-02 1.277299e-03 5.384693e-03 2.830094e-03 2.254057e-04 5.009017e-05 5.299539e-02 2.754960e-04 1.252254e-04 1.302344e-03 1.397265e-01 2.504509e-04 0*2 2.254057e-04 5.009017e-05 0
h         0 7.527523e-03 2.462274e-03 0 1.080235e-01 3.517535e-05 0 4.970277e-02 6.718492e-03 6.648140e-03 2.652221e-02 0 1.195962e-03 2.462275e-04 1.459777e-02 7.386822e-04 0*2 3.348693e-02 0 1.125611e-03 0 2.062331e-01 2.219213e-01 4.724049e-02 4.052200e-02 0 2.110521e-03 4.537619e-03 1.055261e-04 1.417567e-02 8.793837e-04 1.969820e-03 7.738577e-04 7.035073e-05 3.686377e-02 1.477364e-03 1.160787e-03 6.683316e-04 2.353231e-02 4.928067e-02 4.512997e-02 3.098948e-02 4.924550e-04 2.814029e-04 1.160787e-03 7.738577e-04 1.055261e-04 2.638151e-03 4.115516e-03 0*2 4.572796e-04 1.195962e-03 1.055261e-04
i         0 8.025706e-02 1.345091e-03 7.472723e-04 1.195636e-03 0*2 9.415634e-03 0 7.472723e-04 0*2 1.913017e-02 3.586909e-03 8.668362e-03 0*7 1.240472e-02 6.725451e-03 1.345091e-03 6.725451e-03 0 2.196981e-02 4.692871e-02 0 5.978178e-04 2.809745e-02 1.599163e-02 1.733672e-02 0 2.989089e-04 3.138544e-03 1.599163e-02 3.462860e-01 1.778508e-02 8.982216e-02 9.714541e-03 2.540727e-03 1.076073e-02 3.781199e-02 3.437452e-03 7.039306e-02 1.494545e-04 2.989089e-04 4.379017e-02 0*2 2.989089e-04 2.271708e-02 4.154835e-02
i:        0 2.245435e-02 1.728672e-03 2.022914e-03 2.519448e-03 0*2 6.767567e-03 1.416040e-03 6.988248e-04 0*2 8.496239e-03 8.404289e-03 4.064219e-03 0*3 3.678026e-05 2.953087e-01 0*2 7.116979e-03 2.078085e-03 2.225206e-03 2.832079e-03 0 2.633466e-02 8.556927e-02 0 3.034372e-03 2.495540e-02 2.946098e-02 6.896299e-03 0 1.360870e-03 2.813690e-03 1.496957e-02 3.387461e-02 4.180076e-02 1.743936e-01 1.839012e-05 5.517039e-04 2.642661e-02 2.057855e-02 1.309377e-02 4.262832e-02 0 4.781434e-04 3.175975e-02 0*2 7.356052e-04 4.768560e-02 2.409107e-03
j         0 2.757149e-03 1.240717e-02 0 8.751724e-02 7.559922e-04 0 3.112910e-04 0 7.070752e-03 0*2 4.447013e-04 4.447013e-05 5.025125e-03 1.334105e-04 0*2 4.891715e-04 1.334105e-04 8.894030e-05 0 4.909503e-02 6.895095e-01 1.423044e-03 6.092408e-03 0 4.447013e-05 0 7.115221e-04 2.445857e-02 1.334105e-04 4.447013e-05 2.223507e-04 0 8.894030e-05 4.447013e-05 0*2 3.112910e-04 2.223507e-04 7.248633e-03 1.747676e-02 4.447013e-05*2 0 1.200694e-03 2.179037e-03 8.151375e-02 5.781118e-04 0*2 4.447013e-05*3
k         0 6.446985e-02 3.798570e-02 1.176028e-03 1.013736e-02 9.878633e-04 0 1.731113e-02 6.844482e-03 6.004798e-02 1.411234e-04 0 1.477091e-02 3.998495e-03 3.805626e-02 5.292126e-03 0*2 8.702608e-04 2.893029e-03 9.504657e-02 0 8.154577e-02 1.378305e-02 3.624518e-02 7.197291e-03 0 7.032645e-03 4.196067e-02 2.352056e-05 4.330134e-02 3.161163e-02 6.750399e-03 1.679368e-02 1.034905e-03 1.996895e-02 2.093330e-03 4.092577e-03 6.282341e-02 1.359488e-02 1.519428e-02 2.845988e-03 4.915797e-03 3.198796e-03 1.740521e-02 9.671654e-02 5.659046e-02 6.350551e-04 4.586508e-03 1.978079e-02 2.352056e-05 0 7.761785e-04 6.303508e-03 2.114498e-02
l         0 4.024694e-02 4.041748e-02 9.209045e-03 4.418637e-02 2.626284e-03 0 9.768408e-02 3.410759e-05 9.908250e-03 5.235512e-03 0 1.495617e-02 5.644805e-03 1.086326e-02 1.620110e-03 0*2 2.131723e-03 1.255159e-02 3.240219e-04 0 4.509021e-02 4.495378e-02 8.919131e-02 2.210171e-02 0 1.952658e-02 2.273270e-02 3.598349e-03 3.243630e-02 3.968416e-02 8.970291e-03 6.292847e-03 1.773594e-02 3.903613e-02 9.925302e-03 6.565707e-03 2.950305e-03 1.790648e-02 3.704082e-02 5.354889e-03 1.366008e-02 1.243221e-02 2.336369e-03 1.761656e-02 6.782291e-02 1.398410e-03 1.874211e-02 1.354071e-02 1.705379e-05 1.364303e-04 4.672738e-03 6.884614e-02 1.004468e-02
m         0 5.919441e-02 2.492982e-02 6.126633e-04 2.017333e-02 6.015239e-04 0 1.127412e-01 1.113933e-05 9.858310e-03 2.227865e-05 0 1.498240e-02 5.859288e-03 2.893998e-02 2.251259e-02 0*2 1.062692e-02 2.549793e-02 1.371252e-02 0 7.611505e-02 5.193156e-02 4.900192e-02 4.723075e-03 0 2.800428e-02 2.555363e-02 4.901306e-04 1.003654e-02 3.594662e-02 6.761574e-03 1.155148e-02 6.093213e-03 1.000980e-01 8.231967e-03 6.327138e-03 5.736755e-03 4.748697e-02 1.880319e-02 4.444592e-03 1.998396e-02 4.879026e-03 2.149891e-03 1.071603e-02 3.511117e-02 2.717996e-03 3.308382e-03 3.124582e-02 3.341798e-05 4.455733e-05 1.392417e-03 2.685692e-02 1.394644e-02
n         0 7.209526e-02 4.729672e-02 2.619244e-03 9.032976e-03 2.273048e-03 0 4.890471e-02 5.420695e-04 2.608767e-02 1.173877e-02 0 1.864902e-02 1.197564e-02 1.968305e-02 2.459811e-04 5.010728e-05 0 3.826373e-04 1.678138e-02 1.822084e-05 0 2.488510e-02 2.243439e-02 1.050431e-02 1.439445e-02 0 2.117260e-02 6.620537e-02 3.188644e-05 1.981060e-02 4.794355e-02 1.451745e-02 2.699871e-02 4.741970e-03 3.662385e-03 9.757251e-03 1.338775e-02 5.507246e-03 2.292636e-02 3.966218e-02 4.177124e-03 9.821028e-03 4.965176e-03 4.350223e-03 5.697653e-02 1.307390e-01 3.275194e-03 1.598422e-02 4.444060e-02 4.555209e-06 0 1.270903e-03 3.195022e-02 3.512520e-02
o         0 7.897682e-02 8.792965e-04 1.047162e-02 5.195844e-03 0*2 5.483613e-02 0 8.792965e-04 0*2 2.022382e-02 6.554755e-03 3.916867e-03 0 7.993608e-05 0*2 3.197443e-04 0*2 1.734613e-02 2.637890e-03 4.556354e-03 6.634693e-03 0 7.186251e-02 6.666666e-02 0 1.758593e-03 4.044764e-02 5.475619e-02 1.486810e-02 0 1.119105e-03 7.833733e-03 1.467626e-01 1.286971e-02 6.394884e-02 3.085532e-02 7.993608e-05 1.358913e-03 6.474820e-03 4.132694e-02 1.718625e-02 1.358913e-01 0*2 4.060752e-02 0*2 1.039169e-03 1.846523e-02 1.031175e-02
o:        0 3.571098e-02 5.094951e-04 4.168596e-04 2.871701e-03 4.631775e-05 0 1.486800e-02 1.852709e-03 4.168596e-04 0*2 1.106994e-02 6.993979e-03 9.356185e-03 0*4 1.886522e-01 0*2 7.318204e-03 9.726727e-04 6.067623e-03 3.149606e-03 0 3.626679e-02 1.220472e-01 0 3.705418e-04 9.383974e-02 2.149143e-02 6.113941e-03 0 4.631775e-05 4.724409e-03 8.151921e-03 3.515517e-02 2.640111e-02 1.918944e-01 0 6.484484e-04 6.206577e-03 1.014359e-02 3.811950e-02 2.843909e-02 0 1.852710e-04 5.692450e-02 2.547475e-03 0 6.021306e-04 8.429831e-03 1.097731e-02
p         0 7.954485e-02 2.216201e-02 2.709293e-04 1.668924e-02 4.822542e-03 0 8.452996e-03 0 9.807639e-03 2.709293e-04 0 9.753456e-03 1.706854e-02 9.319967e-03 8.127880e-04 0*2 1.083717e-04 1.132485e-02 2.167434e-04 0 1.149824e-01 1.338391e-02 4.063940e-03 4.172311e-03 0 3.955569e-03 3.110268e-02 3.088594e-03 3.690057e-02 2.091574e-02 9.536712e-03 7.206718e-03 2.275806e-03 3.018153e-02 8.236251e-03 6.339744e-03 6.903277e-02 1.235438e-02 1.164996e-02 3.630452e-03 2.438364e-03 5.960445e-04 2.167976e-01 3.099431e-02 1.217556e-01 2.167434e-04 9.211596e-04 1.755622e-02 0*2 5.418586e-04 1.869412e-02 5.852073e-03
r         0 2.241470e-02 8.611159e-02 8.269499e-04 1.137709e-01 2.350279e-03 0 8.234680e-02 4.352366e-05 7.181405e-03 1.279596e-02 2.176184e-05 2.045612e-03 7.050837e-03 2.319812e-02 1.810585e-02 0*2 1.458043e-03 5.266366e-03 2.176183e-04 0 2.959610e-02 4.989989e-02 1.665869e-01 5.801706e-02 2.829038e-04 2.391626e-02 8.791783e-03 1.830171e-02 1.096797e-02 8.421832e-03 3.808322e-03 2.807277e-03 5.984504e-03 2.169655e-02 2.132661e-03 1.671309e-02 2.284993e-03 6.376218e-03 1.405815e-02 2.332869e-02 1.264363e-02 1.436282e-03 1.153377e-03 3.764799e-03 3.797441e-02 1.479805e-02 1.151201e-02 6.572075e-03 0 7.050837e-03 3.053186e-02 2.654944e-03 1.072859e-02
s         0 6.271269e-02 2.894013e-02 2.206442e-03 1.649393e-02 1.631523e-04 0 7.706232e-02 3.884580e-05 9.167610e-04 2.058828e-03 0 2.410771e-02 1.020091e-02 2.214211e-02 9.322997e-05 1.553833e-05 0 1.398450e-04 4.785805e-03 1.942290e-04 0 1.368150e-02 3.775812e-03 3.035412e-02 6.541635e-03 0 1.636963e-02 4.732196e-02 1.398450e-04 4.544183e-02 2.460494e-02 3.196234e-02 1.817207e-02 1.041068e-03 9.408457e-03 1.330857e-02 1.452833e-02 7.629319e-03 3.305778e-02 5.116770e-02 1.243066e-04 1.623755e-03 6.790249e-03 9.478379e-03 1.124975e-02 1.672934e-01 1.192567e-02 2.473702e-02 1.116429e-01 4.661496e-05 6.215331e-05 3.084358e-03 1.888683e-02 1.227528e-02
t         0 6.107975e-02 9.945536e-02 1.705289e-03 4.181924e-02 1.130250e-03 0 3.024575e-02 5.287717e-05 2.505056e-03 6.874033e-04 0 1.814348e-02 9.861596e-03 1.495102e-02 4.514389e-03 0*2 1.520219e-04 3.031845e-02 4.626751e-05 0 1.898952e-02 7.784182e-02 5.915635e-03 4.150860e-03 0 6.953351e-03 2.491837e-02 3.456845e-03 1.162637e-02 1.444869e-02 6.781500e-03 1.184449e-02 1.480561e-03 8.347985e-03 6.583209e-03 3.985617e-03 9.987176e-03 1.416448e-02 7.221040e-02 3.912911e-03 5.201793e-03 3.899691e-03 2.599574e-02 2.616032e-01 7.125200e-03 1.930017e-03 6.761668e-03 2.802490e-02 0*2 1.969674e-03 1.177178e-02 2.144830e-02
u         0 4.651163e-03 0*2 4.909561e-02 0*2 3.359174e-03 7.751939e-04 0*3 4.056848e-02 1.447028e-02 2.583978e-04 0*4 1.550388e-03 0*2 5.426356e-03 3.612403e-01 2.583978e-04 5.167959e-04 0 2.506460e-02 2.248062e-02 0 1.033592e-03 2.273902e-02 6.718348e-03 4.392765e-03 2.842378e-03 2.325582e-03 1.550388e-03 9.302327e-03 2.997416e-02 2.661499e-02 2.609819e-02 0 2.583978e-04 1.291990e-03 1.434108e-01 1.808785e-03 1.111111e-02 0*2 6.459949e-03 1.550388e-03 0*2 1.700258e-01 7.751939e-04
u:        0 1.587893e-02 4.190920e-03 9.313151e-05 1.862631e-03 0*2 3.213039e-03 1.816065e-03 2.328289e-04 0*2 9.452851e-03 6.519208e-03 1.769499e-03 0*4 2.664494e-01 0*2 2.840512e-03 8.381840e-04 2.095460e-03 7.916182e-04 0 1.108265e-02 3.888243e-02 0 4.190920e-04 3.287544e-02 6.984867e-03 5.448195e-03 2.328289e-04 1.443539e-03 8.847497e-04 8.498255e-02 4.875436e-02 2.500582e-02 8.130384e-02 0 1.396973e-04 9.452851e-03 4.097789e-03 6.891733e-03 2.490803e-01 0 1.396973e-03 5.541327e-03 5.727591e-02 0 1.862631e-04 8.055880e-03 1.536671e-03
v         0 1.323029e-03 2.166863e-02 0 6.311816e-02 6.197261e-02 0 4.493458e-02 0 8.377032e-02 9.680701e-05 0 2.904209e-04 1.613450e-05 2.042627e-02 5.903612e-02 0*2 3.872278e-04 6.116587e-02 1.394020e-02 0 1.548589e-01 4.277255e-02 8.088224e-02 1.613449e-04 0 3.226899e-05 1.613449e-04 5.163040e-04 4.153020e-02 1.290759e-04 4.840348e-05 1.290759e-04 2.791268e-03 2.157828e-01 2.097484e-04 3.226899e-05 2.097484e-04 1.936139e-04*2 1.871602e-03 2.395973e-02 0 1.452105e-04 0 1.613450e-05 0 1.613450e-05 8.551283e-04 0*2 1.613449e-04 6.453800e-05 1.290759e-04
x         0 6.778426e-02 1.711677e-01 3.068896e-04 4.910235e-03 0*2 2.574037e-02 3.076569e-02 7.672243e-04 0*2 2.712138e-02 2.317017e-02 1.016572e-02 0*4 3.145619e-03 0*2 1.407856e-02 3.222341e-03 2.228786e-02 5.677460e-03 0 1.557465e-02 8.765537e-02 0 1.687893e-03 3.368114e-02 2.662268e-02 2.923124e-02 0 1.457726e-03 4.296455e-03 1.116311e-02 5.025319e-03 6.847475e-02 6.118613e-02 0 2.340034e-03 3.222341e-03 6.905019e-03 8.132575e-03 1.576646e-01 0 6.905018e-04 2.719810e-02 3.836121e-05 0 2.340034e-03 2.290164e-02 1.219886e-02
y         0 1.111111e-01 2.267573e-03 1.360544e-02 0*3 3.401361e-02 0*4 1.814059e-02 4.081632e-02 2.494331e-02 0*7 4.308390e-02 1.360544e-02 0 3.854875e-02 0 9.070293e-03 3.174604e-02 0 4.535147e-03 4.535148e-02 1.587302e-02 1.360544e-02 0 2.267573e-03*3 6.349207e-02 5.668934e-02 2.040816e-02 0 4.535147e-03 2.267573e-03 1.859410e-01 1.587302e-02 2.721089e-02 0*2 4.535148e-02 0*3 3.628118e-02 7.482993e-02
y:        0 7.972459e-03 1.793803e-02 9.784381e-03 1.630730e-03 0*2 9.059612e-04 3.261460e-03 0*3 1.612611e-02 1.866280e-02 2.355499e-03 0*4 2.676210e-01 0*2 5.435767e-04 1.811923e-04*2 1.811922e-03 0 3.391919e-01 8.153651e-03 0 1.811923e-04 1.069034e-02 6.740353e-02 9.059612e-04 0*2 7.247689e-04 1.304584e-02 1.105272e-02 3.623845e-03 9.965574e-03 0 5.435767e-04 7.791265e-03 1.576372e-02 1.342635e-01 1.503895e-02 0*2 6.885305e-03 0*2 1.811923e-04 2.717884e-03 2.899076e-03
z         0 3.485478e-03 6.596325e-02 3.319502e-04 7.208062e-02 4.742146e-04 0 9.299349e-02 2.371073e-05 6.446947e-02 9.484292e-05 0 9.010077e-04 3.793717e-04 6.591583e-03 7.824542e-04 0*2 1.493776e-03 1.249555e-02 1.422644e-04 0 3.727326e-02 5.820984e-02 1.972733e-02 4.386486e-03 0 2.133966e-04 1.991701e-03 9.152341e-03 9.813870e-02 4.742146e-04 8.298754e-04 6.639003e-04 2.584470e-03 1.731120e-01 1.707173e-03 2.371072e-04 1.896858e-04 3.983402e-03 1.790160e-02 1.239834e-01 9.128631e-02 9.484292e-05 6.639003e-04 4.765856e-03 3.556610e-04*2 2.155305e-02 1.304090e-03 0*2 8.298754e-04 1.304090e-03 2.371073e-05
!EXIT     0 1.851852e-02*54