Database	TOTAL
Words	557561
total     2126634
Phon	Count	P(Phon)   	P(WI|Phon)	P(WF|Phon)	P(WM|Phon)	Mean(Phon)	SD(Phon)	QQ_25(Phon)	QQ_50(Phon)	QQ_75(Phon)	Mean(WI Phon)	SD(WI Phon)	QQ_25(WI Phon)	QQ_50(WI Phon)	QQ_75(WI Phon)	Mean(WF Phon)	SD(WF Phon)	QQ_25(WF Phon)	QQ_50(WF Phon)	QQ_75(WF Phon)	Mean(WM Phon)	SD(WM Phon)	QQ_25(WM Phon)	QQ_50(WM Phon)	QQ_75(WM Phon)	Mean(WS Phon)	SD(WS Phon)	QQ_25(WS Phon)	QQ_50(WS Phon)	QQ_75(WS Phon)
aI	47913	2.252997e-02	1.495419e-01	1.629829e-01	6.857847e-01	1.289058e-01	8.794475e-02	8.000000e-02	1.200000e-01	1.500000e-01	1.217534e-01	9.597343e-02	8.000000e-02	1.100000e-01	1.400000e-01	1.369108e-01	1.052304e-01	7.000000e-02	1.000000e-01	1.700000e-01	1.285253e-01	8.117088e-02	9.000000e-02	1.200000e-01	1.500000e-01	1.441983e-01	9.621370e-02	9.000000e-02	1.200000e-01	1.600000e-01
OY	4884	2.296587e-03	0.000000e+00	3.521704e-02	9.647830e-01	1.235063e-01	4.567777e-02	9.000000e-02	1.200000e-01	1.500000e-01	0.000000e+00	0.000000e+00	0.000000e+00	0.000000e+00	0.000000e+00	1.131686e-01	4.854600e-02	8.000000e-02	1.100000e-01	1.300000e-01	1.238837e-01	4.553073e-02	9.000000e-02	1.200000e-01	1.500000e-01	0.000000e+00	0.000000e+00	0.000000e+00	0.000000e+00	0.000000e+00
aU	19945	9.378671e-03	4.270243e-01	1.359238e-01	4.149912e-01	1.364886e-01	6.869281e-02	9.000000e-02	1.300000e-01	1.700000e-01	1.421980e-01	6.683648e-02	9.000000e-02	1.400000e-01	1.800000e-01	1.401697e-01	9.161129e-02	7.000000e-02	1.100000e-01	1.900000e-01	1.313302e-01	6.145730e-02	9.000000e-02	1.200000e-01	1.700000e-01	1.003295e-01	4.665282e-02	6.000000e-02	1.000000e-01	1.300000e-01
E:	5449	2.562265e-03	4.220958e-03	3.615342e-02	9.565058e-01	1.137837e-01	1.331379e-01	5.000000e-02	8.000000e-02	1.200000e-01	1.780462e-01	1.806083e-01	1.025000e-01	1.400000e-01	1.750000e-01	1.831475e-01	1.304826e-01	5.000000e-02	1.800000e-01	3.000000e-01	1.102949e-01	1.319288e-01	5.000000e-02	8.000000e-02	1.200000e-01	2.926471e-01	1.019515e-01	2.400000e-01	2.900000e-01	3.400000e-01
y:	5519	2.595181e-03	2.692517e-01	3.424533e-02	6.856315e-01	7.344990e-02	4.724191e-02	4.000000e-02	6.000000e-02	9.000000e-02	6.648385e-02	3.461090e-02	4.000000e-02	5.000000e-02	8.000000e-02	1.506349e-01	8.553100e-02	8.000000e-02	1.400000e-01	2.100000e-01	7.009778e-02	4.070442e-02	4.000000e-02	6.000000e-02	8.000000e-02	2.142500e-01	8.857547e-02	1.700000e-01	2.200000e-01	2.700000e-01
2:	3512	1.651436e-03	6.833713e-03	4.299544e-02	9.498861e-01	9.017369e-02	5.424292e-02	5.000000e-02	8.000000e-02	1.100000e-01	7.583333e-02	5.046882e-02	4.000000e-02	5.500000e-02	1.000000e-01	2.070199e-01	9.287120e-02	1.450000e-01	2.100000e-01	2.800000e-01	8.500300e-02	4.522076e-02	5.000000e-02	8.000000e-02	1.100000e-01	4.000000e-02	0.000000e+00	4.000000e-02	4.000000e-02	4.000000e-02
a:	73462	3.454379e-02	4.866462e-02	3.446952e-01	5.967439e-01	1.304315e-01	1.204971e-01	7.000000e-02	1.000000e-01	1.600000e-01	1.288566e-01	1.256885e-01	6.000000e-02	1.000000e-01	1.600000e-01	1.445069e-01	1.393460e-01	6.000000e-02	1.000000e-01	1.800000e-01	1.216279e-01	1.003838e-01	7.000000e-02	1.000000e-01	1.500000e-01	1.787741e-01	3.029488e-01	4.000000e-02	7.000000e-02	1.600000e-01
u:	21480	1.010047e-02	1.742086e-01	1.556331e-01	6.636872e-01	9.864013e-02	5.786206e-02	5.000000e-02	9.000000e-02	1.300000e-01	9.920096e-02	5.914681e-02	4.000000e-02	9.000000e-02	1.400000e-01	8.241998e-02	6.889022e-02	4.000000e-02	5.000000e-02	9.000000e-02	1.009343e-01	5.170211e-02	6.000000e-02	9.000000e-02	1.300000e-01	2.383453e-01	9.287164e-02	1.850000e-01	2.500000e-01	3.050000e-01
o:	21595	1.015454e-02	9.724473e-02	2.624219e-01	6.335726e-01	1.011956e-01	6.498400e-02	5.000000e-02	9.000000e-02	1.300000e-01	9.546667e-02	4.998972e-02	6.000000e-02	9.000000e-02	1.200000e-01	1.179681e-01	8.974675e-02	6.000000e-02	9.000000e-02	1.500000e-01	9.431954e-02	5.056028e-02	5.000000e-02	8.000000e-02	1.200000e-01	1.769521e-01	1.227970e-01	7.000000e-02	1.600000e-01	2.400000e-01
e:	46495	2.186319e-02	5.217765e-02	1.162276e-01	8.206689e-01	9.688430e-02	6.455368e-02	5.000000e-02	8.000000e-02	1.200000e-01	8.307502e-02	4.555799e-02	4.000000e-02	7.000000e-02	1.100000e-01	1.712898e-01	9.950900e-02	1.000000e-01	1.600000e-01	2.300000e-01	8.560972e-02	4.799725e-02	5.000000e-02	7.000000e-02	1.100000e-01	2.181791e-01	9.534626e-02	1.500000e-01	2.200000e-01	2.800000e-01
i:	54384	2.557281e-02	6.183804e-02	2.611430e-01	6.704545e-01	8.244594e-02	5.243584e-02	5.000000e-02	7.000000e-02	1.000000e-01	9.271186e-02	4.278079e-02	6.000000e-02	9.000000e-02	1.100000e-01	8.826926e-02	6.929057e-02	5.000000e-02	7.000000e-02	9.000000e-02	7.856755e-02	4.298625e-02	4.000000e-02	7.000000e-02	1.000000e-01	1.501961e-01	1.160666e-01	6.000000e-02	1.100000e-01	2.100000e-01
a~	16	7.523627e-06	0.000000e+00	0.000000e+00	1.000000e+00	1.343750e-01	6.692969e-02	1.050000e-01	1.250000e-01	1.525000e-01	0.000000e+00	0.000000e+00	0.000000e+00	0.000000e+00	0.000000e+00	0.000000e+00	0.000000e+00	0.000000e+00	0.000000e+00	0.000000e+00	1.343750e-01	6.692969e-02	1.050000e-01	1.250000e-01	1.525000e-01	0.000000e+00	0.000000e+00	0.000000e+00	0.000000e+00	0.000000e+00
E~	0	0.0	0.0	0.0	0.0	0.0	0.0	0.0	0.0	0.0	0.0	0.0	0.0	0.0	0.0	0.0	0.0	0.0	0.0	0.0	0.0	0.0	0.0	0.0	0.0	0.0	0.0	0.0	0.0	0.0
O~	1	4.702267e-07	0.000000e+00	0.000000e+00	1.000000e+00	4.000000e-02	0.000000e+00	4.000000e-02	4.000000e-02	4.000000e-02	0.000000e+00	0.000000e+00	0.000000e+00	0.000000e+00	0.000000e+00	0.000000e+00	0.000000e+00	0.000000e+00	0.000000e+00	0.000000e+00	4.000000e-02	0.000000e+00	4.000000e-02	4.000000e-02	4.000000e-02	0.000000e+00	0.000000e+00	0.000000e+00	0.000000e+00	0.000000e+00
9~	0	0.0	0.0	0.0	0.0	0.0	0.0	0.0	0.0	0.0	0.0	0.0	0.0	0.0	0.0	0.0	0.0	0.0	0.0	0.0	0.0	0.0	0.0	0.0	0.0	0.0	0.0	0.0	0.0	0.0
2	0	0.0	0.0	0.0	0.0	0.0	0.0	0.0	0.0	0.0	0.0	0.0	0.0	0.0	0.0	0.0	0.0	0.0	0.0	0.0	0.0	0.0	0.0	0.0	0.0	0.0	0.0	0.0	0.0	0.0
6	101983	4.795513e-02	9.805556e-06	5.932459e-01	4.067443e-01	8.599295e-02	1.157558e-01	4.000000e-02	6.000000e-02	9.000000e-02	1.500000e-01	0.000000e+00	1.500000e-01	1.500000e-01	1.500000e-01	9.286404e-02	1.233537e-01	4.000000e-02	6.000000e-02	1.000000e-01	7.596976e-02	1.028632e-01	3.000000e-02	5.000000e-02	8.000000e-02	0.000000e+00	0.000000e+00	0.000000e+00	0.000000e+00	0.000000e+00
9	6461	3.038134e-03	0.000000e+00	2.507352e-02	9.749265e-01	7.291828e-02	3.104252e-02	5.000000e-02	7.000000e-02	9.000000e-02	0.000000e+00	0.000000e+00	0.000000e+00	0.000000e+00	0.000000e+00	4.762346e-02	1.705126e-02	3.000000e-02	5.000000e-02	6.000000e-02	7.356882e-02	3.105014e-02	5.000000e-02	7.000000e-02	9.000000e-02	0.000000e+00	0.000000e+00	0.000000e+00	0.000000e+00	0.000000e+00
@	81201	3.818287e-02	1.747515e-02	4.415217e-01	5.410032e-01	8.817667e-02	1.051517e-01	4.000000e-02	5.000000e-02	9.000000e-02	1.449827e-01	1.690831e-01	5.000000e-02	8.000000e-02	1.900000e-01	9.442433e-02	1.062068e-01	4.000000e-02	6.000000e-02	1.100000e-01	8.124292e-02	1.006244e-01	3.000000e-02	5.000000e-02	8.000000e-02	0.000000e+00	0.000000e+00	0.000000e+00	0.000000e+00	0.000000e+00
C	48452	2.278342e-02	3.570544e-03	6.420788e-01	3.284281e-01	7.215440e-02	4.969587e-02	4.000000e-02	6.000000e-02	9.000000e-02	1.123988e-01	7.867838e-02	7.000000e-02	9.000000e-02	1.300000e-01	7.416008e-02	5.421452e-02	4.000000e-02	6.000000e-02	9.000000e-02	6.891410e-02	3.893911e-02	4.000000e-02	6.000000e-02	9.000000e-02	5.798567e-02	4.193054e-02	3.000000e-02	5.000000e-02	7.000000e-02
E	52222	2.455618e-02	9.566850e-02	1.175750e-02	8.922485e-01	7.238952e-02	4.712822e-02	4.000000e-02	6.000000e-02	9.000000e-02	7.266916e-02	5.111614e-02	4.000000e-02	6.000000e-02	9.000000e-02	8.159609e-02	1.020390e-01	3.000000e-02	5.000000e-02	1.000000e-01	7.225003e-02	4.550375e-02	4.000000e-02	6.000000e-02	9.000000e-02	4.000000e-02	1.658312e-02	3.000000e-02	3.000000e-02	4.000000e-02
I	89786	4.221977e-02	3.012385e-01	2.836745e-02	6.578420e-01	5.596301e-02	3.280285e-02	3.000000e-02	5.000000e-02	7.000000e-02	5.679003e-02	3.376236e-02	3.000000e-02	5.000000e-02	7.000000e-02	4.968590e-02	3.980016e-02	3.000000e-02	4.000000e-02	6.000000e-02	5.611530e-02	3.211788e-02	4.000000e-02	5.000000e-02	7.000000e-02	4.232032e-02	2.087150e-02	3.000000e-02	3.000000e-02	5.000000e-02
N	19097	8.979919e-03	6.231345e-03	5.576792e-01	4.360894e-01	1.045916e-01	1.627385e-01	5.000000e-02	7.000000e-02	1.000000e-01	2.755599e-01	4.546752e-01	4.000000e-02	9.006250e-02	2.100000e-01	1.263420e-01	1.964280e-01	5.000000e-02	8.000000e-02	1.200000e-01	7.433390e-02	8.076700e-02	4.000000e-02	6.000000e-02	9.000000e-02	0.000000e+00	0.000000e+00	0.000000e+00	0.000000e+00	0.000000e+00
O	29686	1.395915e-02	5.945564e-02	3.095735e-02	9.095870e-01	7.353888e-02	3.804550e-02	5.000000e-02	7.000000e-02	9.000000e-02	8.985836e-02	5.546477e-02	6.000000e-02	8.000000e-02	1.100000e-01	6.739390e-02	4.049642e-02	4.000000e-02	6.000000e-02	8.000000e-02	7.268129e-02	3.626536e-02	5.000000e-02	7.000000e-02	9.000000e-02	0.000000e+00	0.000000e+00	0.000000e+00	0.000000e+00	0.000000e+00
Q	44399	2.087759e-02	9.140972e-01	1.171198e-03	8.473164e-02	6.945765e-02	6.936133e-02	4.000000e-02	5.000000e-02	8.000000e-02	7.079427e-02	6.989403e-02	4.000000e-02	5.000000e-02	8.000000e-02	1.831731e-01	2.212177e-01	6.000000e-02	9.000000e-02	2.025000e-01	5.346624e-02	5.441380e-02	3.000000e-02	3.000000e-02	7.000000e-02	0.000000e+00	0.000000e+00	0.000000e+00	0.000000e+00	0.000000e+00
S	21569	1.014232e-02	5.072094e-01	4.219018e-02	4.479114e-01	8.255390e-02	4.154874e-02	5.000000e-02	8.000000e-02	1.100000e-01	8.313483e-02	4.074066e-02	5.000000e-02	8.000000e-02	1.100000e-01	1.081538e-01	8.006047e-02	5.250000e-02	9.000000e-02	1.400000e-01	7.948246e-02	3.583984e-02	5.000000e-02	8.000000e-02	1.000000e-01	8.293103e-02	5.136757e-02	3.625000e-02	7.000000e-02	1.187500e-01
U	33265	1.564209e-02	3.404479e-01	4.629490e-03	6.502630e-01	7.087028e-02	4.272674e-02	4.000000e-02	6.000000e-02	9.000000e-02	7.576159e-02	4.330592e-02	4.000000e-02	7.000000e-02	9.000000e-02	5.318182e-02	3.829631e-02	3.000000e-02	4.000000e-02	6.000000e-02	6.862651e-02	4.224978e-02	4.000000e-02	6.000000e-02	8.000000e-02	4.419355e-02	2.740085e-02	3.000000e-02	3.000000e-02	5.000000e-02
Y	13118	6.168433e-03	1.143467e-03	7.180973e-02	9.270468e-01	5.292082e-02	3.146555e-02	3.000000e-02	5.000000e-02	6.000000e-02	3.066667e-02	2.581989e-03	3.000000e-02	3.000000e-02	3.000000e-02	4.976135e-02	3.050298e-02	3.000000e-02	4.000000e-02	5.000000e-02	5.319300e-02	3.153622e-02	3.000000e-02	5.000000e-02	6.000000e-02	0.000000e+00	0.000000e+00	0.000000e+00	0.000000e+00	0.000000e+00
Z	279	1.311932e-04	1.433692e-02	3.584229e-03	9.820789e-01	5.627240e-02	3.162979e-02	3.000000e-02	4.000000e-02	8.000000e-02	5.000000e-02	8.164966e-03	4.750000e-02	5.000000e-02	5.250000e-02	9.000000e-02	0.000000e+00	9.000000e-02	9.000000e-02	9.000000e-02	5.624088e-02	3.183221e-02	3.000000e-02	4.000000e-02	8.000000e-02	0.000000e+00	0.000000e+00	0.000000e+00	0.000000e+00	0.000000e+00
a	93384	4.391165e-02	1.617943e-01	3.473828e-02	8.017326e-01	7.803478e-02	4.721682e-02	5.000000e-02	7.000000e-02	9.500000e-02	8.421504e-02	4.514024e-02	5.000000e-02	8.000000e-02	1.100000e-01	1.012330e-01	9.511466e-02	4.000000e-02	8.000000e-02	1.300000e-01	7.579960e-02	4.401278e-02	5.000000e-02	7.000000e-02	9.000000e-02	7.009259e-02	4.536762e-02	4.000000e-02	6.000000e-02	9.000000e-02
b	40569	1.907663e-02	4.774828e-01	9.100545e-02	4.314131e-01	5.089588e-02	2.157928e-02	3.000000e-02	5.000000e-02	6.000000e-02	5.425327e-02	2.223812e-02	4.000000e-02	5.000000e-02	7.000000e-02	4.073808e-02	1.528660e-02	3.000000e-02	3.000000e-02	5.000000e-02	4.931779e-02	2.111331e-02	3.000000e-02	4.000000e-02	6.000000e-02	7.250000e-02	3.304038e-02	4.750000e-02	7.000000e-02	9.500000e-02
d	87566	4.117587e-02	7.790238e-01	2.022474e-02	1.981819e-01	4.908766e-02	2.883413e-02	3.000000e-02	4.000000e-02	6.000000e-02	5.114680e-02	3.010100e-02	3.000000e-02	4.000000e-02	6.000000e-02	4.230382e-02	1.940145e-02	3.000000e-02	3.500000e-02	5.000000e-02	4.178230e-02	2.262492e-02	3.000000e-02	3.000000e-02	5.000000e-02	4.164444e-02	2.465762e-02	3.000000e-02	3.000000e-02	4.000000e-02
e	3429	1.612407e-03	0.000000e+00	3.032954e-02	9.682123e-01	6.610090e-02	3.512695e-02	4.000000e-02	6.000000e-02	8.000000e-02	0.000000e+00	0.000000e+00	0.000000e+00	0.000000e+00	0.000000e+00	9.682692e-02	7.875875e-02	5.000000e-02	7.000000e-02	1.200000e-01	6.510542e-02	3.239260e-02	4.000000e-02	6.000000e-02	8.000000e-02	8.800000e-02	3.346640e-02	8.000000e-02	8.000000e-02	1.200000e-01
f	55488	2.609194e-02	5.874243e-01	1.135741e-01	2.909818e-01	9.428472e-02	6.969514e-02	6.000000e-02	8.500000e-02	1.100000e-01	9.533318e-02	6.354755e-02	6.000000e-02	9.000000e-02	1.200000e-01	1.049040e-01	1.208922e-01	5.000000e-02	7.000000e-02	1.150000e-01	8.778150e-02	5.083285e-02	6.000000e-02	8.000000e-02	1.100000e-01	1.030562e-01	7.694247e-02	7.000000e-02	9.000000e-02	1.200000e-01
g	39928	1.877521e-02	6.241485e-01	1.139551e-02	3.641555e-01	5.412530e-02	2.835287e-02	3.000000e-02	5.000000e-02	7.000000e-02	5.778761e-02	2.962669e-02	3.000000e-02	5.000000e-02	7.000000e-02	4.553846e-02	2.346584e-02	3.000000e-02	4.000000e-02	5.000000e-02	4.811967e-02	2.497924e-02	3.000000e-02	4.000000e-02	6.000000e-02	5.083333e-02	2.906367e-02	3.000000e-02	3.500000e-02	6.000000e-02
h	28434	1.337042e-02	6.955757e-01	6.151087e-02	2.427376e-01	9.424253e-02	1.404361e-01	3.000000e-02	6.000000e-02	9.000000e-02	8.819477e-02	1.294284e-01	3.000000e-02	5.000000e-02	8.000000e-02	2.258865e-01	2.502484e-01	8.000000e-02	1.300000e-01	2.800000e-01	7.819915e-02	1.123610e-01	3.000000e-02	5.000000e-02	8.000000e-02	1.140000e-01	1.234099e-01	4.000000e-02	8.000000e-02	9.000000e-02
i	6691	3.146287e-03	0.000000e+00	2.945748e-01	7.054252e-01	8.318263e-02	6.160515e-02	4.000000e-02	6.000000e-02	1.000000e-01	0.000000e+00	0.000000e+00	0.000000e+00	0.000000e+00	0.000000e+00	1.444825e-01	7.454438e-02	9.000000e-02	1.300000e-01	1.900000e-01	5.758475e-02	2.890847e-02	4.000000e-02	4.000000e-02	7.000000e-02	0.000000e+00	0.000000e+00	0.000000e+00	0.000000e+00	0.000000e+00
j	22488	1.057446e-02	8.932764e-01	1.427428e-02	9.218250e-02	1.123083e-01	1.191204e-01	5.000000e-02	8.000000e-02	1.200000e-01	1.149574e-01	1.202744e-01	5.000000e-02	9.000000e-02	1.300000e-01	1.964642e-01	2.115110e-01	7.000000e-02	9.000000e-02	2.500000e-01	7.352629e-02	6.384829e-02	4.000000e-02	6.000000e-02	9.000000e-02	1.400000e-01	2.032732e-01	2.250000e-02	3.500000e-02	1.600000e-01
k	42534	2.000062e-02	3.349556e-01	2.845723e-01	3.801900e-01	7.671745e-02	4.045943e-02	5.000000e-02	7.000000e-02	1.000000e-01	8.719169e-02	3.663855e-02	6.000000e-02	9.000000e-02	1.100000e-01	7.063698e-02	4.674543e-02	4.000000e-02	6.000000e-02	9.000000e-02	7.203760e-02	3.660344e-02	4.000000e-02	7.000000e-02	9.000000e-02	8.083333e-02	4.776045e-02	5.000000e-02	7.500000e-02	1.025000e-01
l	58655	2.758114e-02	9.821840e-02	1.998977e-01	7.018328e-01	7.599006e-02	1.112286e-01	4.000000e-02	5.000000e-02	8.000000e-02	7.382088e-02	9.399290e-02	4.000000e-02	6.000000e-02	8.000000e-02	9.894042e-02	1.345596e-01	4.000000e-02	6.000000e-02	1.100000e-01	6.974781e-02	1.050854e-01	3.000000e-02	5.000000e-02	7.000000e-02	2.000000e-01	1.652271e-01	1.050000e-01	1.200000e-01	2.550000e-01
m	89804	4.222823e-02	3.990134e-01	3.516213e-01	2.310253e-01	9.304941e-02	1.175184e-01	5.000000e-02	7.000000e-02	9.000000e-02	8.137413e-02	9.757890e-02	4.000000e-02	6.000000e-02	9.000000e-02	1.187063e-01	1.529916e-01	5.000000e-02	7.000000e-02	1.200000e-01	7.402672e-02	6.863100e-02	5.000000e-02	7.000000e-02	8.000000e-02	9.478457e-02	1.328930e-01	4.000000e-02	7.000000e-02	9.500000e-02
n	219613	1.032679e-01	1.223197e-01	4.934544e-01	3.682660e-01	6.522813e-02	5.254712e-02	3.000000e-02	5.000000e-02	8.000000e-02	6.388286e-02	6.528001e-02	3.000000e-02	5.000000e-02	7.000000e-02	7.119702e-02	5.680750e-02	3.000000e-02	5.000000e-02	8.000000e-02	5.781530e-02	3.926195e-02	3.000000e-02	5.000000e-02	7.000000e-02	6.203709e-02	5.109798e-02	3.000000e-02	5.000000e-02	7.000000e-02
o	12520	5.887238e-03	0.000000e+00	4.862620e-01	5.137380e-01	8.525720e-02	6.937379e-02	4.000000e-02	6.000000e-02	1.000000e-01	0.000000e+00	0.000000e+00	0.000000e+00	0.000000e+00	0.000000e+00	9.283345e-02	8.275597e-02	4.000000e-02	5.000000e-02	1.200000e-01	7.808613e-02	5.273302e-02	5.000000e-02	6.000000e-02	9.000000e-02	0.000000e+00	0.000000e+00	0.000000e+00	0.000000e+00	0.000000e+00
p	18458	8.679444e-03	2.468306e-01	2.373497e-01	5.156030e-01	7.009590e-02	3.957328e-02	4.000000e-02	6.000000e-02	9.000000e-02	7.736940e-02	3.859013e-02	5.000000e-02	7.000000e-02	1.000000e-01	6.409381e-02	4.670221e-02	3.000000e-02	5.000000e-02	8.000000e-02	6.938216e-02	3.575077e-02	4.000000e-02	6.000000e-02	9.000000e-02	5.750000e-02	1.892969e-02	5.250000e-02	6.500000e-02	7.000000e-02
r	46229	2.173811e-02	1.009323e-01	1.208116e-01	7.782128e-01	5.236572e-02	2.911149e-02	3.000000e-02	4.000000e-02	7.000000e-02	5.736605e-02	3.245635e-02	4.000000e-02	5.000000e-02	7.000000e-02	3.710564e-02	3.048303e-02	3.000000e-02	3.000000e-02	3.000000e-02	5.408522e-02	2.767171e-02	3.000000e-02	5.000000e-02	7.000000e-02	7.000000e-02	5.656854e-02	5.000000e-02	7.000000e-02	9.000000e-02
s	128773	6.055250e-02	1.400138e-02	4.133786e-01	5.191150e-01	7.561682e-02	4.918097e-02	4.000000e-02	7.000000e-02	9.000000e-02	8.490294e-02	7.343713e-02	3.750000e-02	6.000000e-02	1.100000e-01	8.135990e-02	6.139120e-02	4.000000e-02	7.000000e-02	1.000000e-01	7.130161e-02	3.503441e-02	5.000000e-02	7.000000e-02	9.000000e-02	7.068287e-02	4.782641e-02	4.000000e-02	6.000000e-02	9.000000e-02
t	151346	7.116692e-02	1.756967e-01	2.762148e-01	5.472229e-01	7.834685e-02	1.009786e-01	4.000000e-02	5.000000e-02	8.000000e-02	6.623652e-02	7.512801e-02	3.000000e-02	5.000000e-02	8.000000e-02	1.162322e-01	1.592846e-01	4.000000e-02	6.000000e-02	1.200000e-01	6.308839e-02	5.468695e-02	3.000000e-02	5.000000e-02	8.000000e-02	9.339695e-02	1.120410e-01	5.000000e-02	7.000000e-02	9.000000e-02
u	3870	1.819777e-03	2.583979e-04	3.410853e-02	9.656330e-01	6.733333e-02	3.822648e-02	4.000000e-02	5.000000e-02	8.000000e-02	1.400000e-01	0.000000e+00	1.400000e-01	1.400000e-01	1.400000e-01	7.113636e-02	6.080124e-02	4.000000e-02	4.500000e-02	7.000000e-02	6.717956e-02	3.717137e-02	4.000000e-02	5.000000e-02	8.000000e-02	0.000000e+00	0.000000e+00	0.000000e+00	0.000000e+00	0.000000e+00
v	61981	2.914512e-02	7.226731e-01	3.226795e-04	2.653232e-01	5.110800e-02	2.903459e-02	3.000000e-02	4.000000e-02	6.000000e-02	5.040722e-02	3.102412e-02	3.000000e-02	4.000000e-02	6.000000e-02	6.900000e-02	3.891962e-02	4.500000e-02	6.000000e-02	9.000000e-02	5.295227e-02	2.166894e-02	4.000000e-02	5.000000e-02	6.000000e-02	5.207873e-02	4.245975e-02	3.000000e-02	4.000000e-02	6.000000e-02
x	26076	1.226163e-02	6.902899e-04	5.876668e-01	4.111060e-01	9.077257e-02	9.618607e-02	5.000000e-02	7.000000e-02	1.000000e-01	2.450000e-01	3.732410e-01	3.250000e-02	7.000000e-02	1.150000e-01	8.915462e-02	1.030352e-01	4.000000e-02	6.000000e-02	9.000000e-02	9.271177e-02	8.370896e-02	6.000000e-02	9.000000e-02	1.100000e-01	1.785714e-01	1.905703e-01	4.500000e-02	9.500000e-02	2.375000e-01
y	441	2.073700e-04	0.000000e+00	7.278912e-01	2.721088e-01	1.060884e-01	6.641600e-02	5.000000e-02	9.000000e-02	1.400000e-01	0.000000e+00	0.000000e+00	0.000000e+00	0.000000e+00	0.000000e+00	1.240031e-01	6.812858e-02	7.000000e-02	1.100000e-01	1.600000e-01	5.816667e-02	2.543680e-02	4.000000e-02	5.000000e-02	6.000000e-02	0.000000e+00	0.000000e+00	0.000000e+00	0.000000e+00	0.000000e+00
z	42184	1.983604e-02	6.001565e-01	2.967950e-02	3.563673e-01	6.847015e-02	3.347013e-02	4.000000e-02	6.000000e-02	9.000000e-02	6.909389e-02	3.473560e-02	4.000000e-02	6.000000e-02	9.000000e-02	7.736422e-02	4.042393e-02	5.000000e-02	7.000000e-02	9.000000e-02	6.704184e-02	3.001280e-02	4.000000e-02	6.000000e-02	8.000000e-02	5.909794e-02	4.011390e-02	3.000000e-02	5.000000e-02	7.000000e-02