Database	TOTAL
Words	557561
total     2056487
Phon	Count	P(Phon)   	P(WI|Phon)	P(WF|Phon)	P(WM|Phon)	Mean(Phon)	SD(Phon)	QQ_25(Phon)	QQ_50(Phon)	QQ_75(Phon)	Mean(WI Phon)	SD(WI Phon)	QQ_25(WI Phon)	QQ_50(WI Phon)	QQ_75(WI Phon)	Mean(WF Phon)	SD(WF Phon)	QQ_25(WF Phon)	QQ_50(WF Phon)	QQ_75(WF Phon)	Mean(WM Phon)	SD(WM Phon)	QQ_25(WM Phon)	QQ_50(WM Phon)	QQ_75(WM Phon)	Mean(WS Phon)	SD(WS Phon)	QQ_25(WS Phon)	QQ_50(WS Phon)	QQ_75(WS Phon)
OY	4797	2.332619e-03	0.000000e+00	3.585574e-02	9.641443e-01	1.238222e-01	4.575802e-02	9.000000e-02	1.200000e-01	1.500000e-01	0.000000e+00	0.000000e+00	0.000000e+00	0.000000e+00	0.000000e+00	1.131686e-01	4.854600e-02	8.000000e-02	1.100000e-01	1.300000e-01	1.242184e-01	4.560863e-02	9.000000e-02	1.200000e-01	1.500000e-01	0.000000e+00	0.000000e+00	0.000000e+00	0.000000e+00	0.000000e+00
aI	47502	2.309861e-02	1.508147e-01	1.643931e-01	6.830870e-01	1.287861e-01	8.816030e-02	8.000000e-02	1.100000e-01	1.500000e-01	1.217313e-01	9.596191e-02	8.000000e-02	1.100000e-01	1.400000e-01	1.369108e-01	1.052304e-01	7.000000e-02	1.000000e-01	1.700000e-01	1.283498e-01	8.142562e-02	9.000000e-02	1.200000e-01	1.500000e-01	1.441983e-01	9.621370e-02	9.000000e-02	1.200000e-01	1.600000e-01
aU	19525	9.494346e-03	4.355954e-01	1.388476e-01	4.030218e-01	1.368123e-01	6.897269e-02	9.000000e-02	1.300000e-01	1.700000e-01	1.422075e-01	6.683330e-02	9.000000e-02	1.400000e-01	1.800000e-01	1.401697e-01	9.161129e-02	7.000000e-02	1.100000e-01	1.900000e-01	1.318643e-01	6.189224e-02	9.000000e-02	1.200000e-01	1.700000e-01	1.003295e-01	4.665282e-02	6.000000e-02	1.000000e-01	1.300000e-01
E:	2397	1.165580e-03	9.595327e-03	8.218607e-02	9.011264e-01	1.510372e-01	1.711572e-01	8.000000e-02	1.100000e-01	1.600000e-01	1.780462e-01	1.806083e-01	1.025000e-01	1.400000e-01	1.750000e-01	1.831475e-01	1.304826e-01	5.000000e-02	1.800000e-01	3.000000e-01	1.467065e-01	1.740029e-01	8.000000e-02	1.100000e-01	1.500000e-01	2.926471e-01	1.019515e-01	2.400000e-01	2.900000e-01	3.400000e-01
y:	4042	1.965488e-03	3.631865e-01	4.675903e-02	5.752103e-01	7.630628e-02	4.787815e-02	4.000000e-02	6.000000e-02	9.000000e-02	6.636580e-02	3.369473e-02	4.000000e-02	5.000000e-02	8.000000e-02	1.506349e-01	8.553100e-02	8.000000e-02	1.400000e-01	2.100000e-01	7.298065e-02	3.826511e-02	4.000000e-02	6.000000e-02	9.000000e-02	2.142500e-01	8.857547e-02	1.700000e-01	2.200000e-01	2.700000e-01
2:	2656	1.291523e-03	6.400602e-03	5.685241e-02	9.363705e-01	1.029744e-01	5.534382e-02	7.000000e-02	9.000000e-02	1.200000e-01	8.882353e-02	5.498663e-02	4.000000e-02	7.000000e-02	1.100000e-01	2.070199e-01	9.287120e-02	1.450000e-01	2.100000e-01	2.800000e-01	9.677925e-02	4.508195e-02	6.000000e-02	9.000000e-02	1.200000e-01	4.000000e-02	0.000000e+00	4.000000e-02	4.000000e-02	4.000000e-02
a:	72225	3.512057e-02	4.940118e-02	3.505988e-01	5.899342e-01	1.310333e-01	1.210420e-01	7.000000e-02	1.000000e-01	1.600000e-01	1.289580e-01	1.257668e-01	6.000000e-02	1.000000e-01	1.600000e-01	1.445069e-01	1.393460e-01	6.000000e-02	1.000000e-01	1.800000e-01	1.223851e-01	1.009255e-01	7.000000e-02	1.000000e-01	1.500000e-01	1.787741e-01	3.029488e-01	4.000000e-02	7.000000e-02	1.600000e-01
u:	15758	7.662582e-03	3.997969e-03	2.121462e-01	7.750349e-01	1.019076e-01	5.786260e-02	6.000000e-02	9.000000e-02	1.300000e-01	1.122222e-01	5.255395e-02	7.000000e-02	1.100000e-01	1.550000e-01	8.241998e-02	6.889022e-02	4.000000e-02	5.000000e-02	9.000000e-02	1.056358e-01	5.078808e-02	7.000000e-02	1.000000e-01	1.300000e-01	2.383453e-01	9.287164e-02	1.850000e-01	2.500000e-01	3.050000e-01
o:	17522	8.520355e-03	1.065518e-01	3.234220e-01	5.616939e-01	1.102271e-01	6.728450e-02	6.000000e-02	1.000000e-01	1.400000e-01	1.005410e-01	4.982232e-02	7.000000e-02	9.000000e-02	1.200000e-01	1.179681e-01	8.974675e-02	6.000000e-02	9.000000e-02	1.500000e-01	1.066176e-01	5.097674e-02	7.000000e-02	1.000000e-01	1.400000e-01	1.769521e-01	1.227970e-01	7.000000e-02	1.600000e-01	2.400000e-01
e:	34380	1.671783e-02	1.009308e-02	1.571844e-01	8.179465e-01	1.083201e-01	6.828649e-02	6.000000e-02	9.000000e-02	1.300000e-01	1.203170e-01	5.022680e-02	9.000000e-02	1.200000e-01	1.500000e-01	1.712898e-01	9.950900e-02	1.000000e-01	1.600000e-01	2.300000e-01	9.408663e-02	4.918329e-02	6.000000e-02	8.000000e-02	1.200000e-01	2.181791e-01	9.534626e-02	1.500000e-01	2.200000e-01	2.800000e-01
i:	38326	1.863664e-02	7.363148e-02	3.705578e-01	5.464959e-01	8.841778e-02	5.585973e-02	5.000000e-02	7.000000e-02	1.000000e-01	9.716159e-02	4.128589e-02	7.000000e-02	9.000000e-02	1.200000e-01	8.826926e-02	6.929057e-02	5.000000e-02	7.000000e-02	9.000000e-02	8.628742e-02	4.377083e-02	6.000000e-02	8.000000e-02	1.100000e-01	1.501961e-01	1.160666e-01	6.000000e-02	1.100000e-01	2.100000e-01
a~	16	7.780258e-06	0.000000e+00	0.000000e+00	1.000000e+00	1.343750e-01	6.692969e-02	1.050000e-01	1.250000e-01	1.525000e-01	0.000000e+00	0.000000e+00	0.000000e+00	0.000000e+00	0.000000e+00	0.000000e+00	0.000000e+00	0.000000e+00	0.000000e+00	0.000000e+00	1.343750e-01	6.692969e-02	1.050000e-01	1.250000e-01	1.525000e-01	0.000000e+00	0.000000e+00	0.000000e+00	0.000000e+00	0.000000e+00
E~	0	0.0	0.0	0.0	0.0	0.0	0.0	0.0	0.0	0.0	0.0	0.0	0.0	0.0	0.0	0.0	0.0	0.0	0.0	0.0	0.0	0.0	0.0	0.0	0.0	0.0	0.0	0.0	0.0	0.0
O~	1	4.862661e-07	0.000000e+00	0.000000e+00	1.000000e+00	4.000000e-02	0.000000e+00	4.000000e-02	4.000000e-02	4.000000e-02	0.000000e+00	0.000000e+00	0.000000e+00	0.000000e+00	0.000000e+00	0.000000e+00	0.000000e+00	0.000000e+00	0.000000e+00	0.000000e+00	4.000000e-02	0.000000e+00	4.000000e-02	4.000000e-02	4.000000e-02	0.000000e+00	0.000000e+00	0.000000e+00	0.000000e+00	0.000000e+00
9~	0	0.0	0.0	0.0	0.0	0.0	0.0	0.0	0.0	0.0	0.0	0.0	0.0	0.0	0.0	0.0	0.0	0.0	0.0	0.0	0.0	0.0	0.0	0.0	0.0	0.0	0.0	0.0	0.0	0.0
2	0	0.0	0.0	0.0	0.0	0.0	0.0	0.0	0.0	0.0	0.0	0.0	0.0	0.0	0.0	0.0	0.0	0.0	0.0	0.0	0.0	0.0	0.0	0.0	0.0	0.0	0.0	0.0	0.0	0.0
6	31836	1.548077e-02	3.141098e-05	7.519789e-01	2.479897e-01	1.025667e-01	1.130356e-01	5.000000e-02	7.000000e-02	1.100000e-01	1.500000e-01	0.000000e+00	1.500000e-01	1.500000e-01	1.500000e-01	1.092077e-01	1.204989e-01	5.000000e-02	8.000000e-02	1.300000e-01	8.242330e-02	8.339620e-02	5.000000e-02	7.000000e-02	9.000000e-02	0.000000e+00	0.000000e+00	0.000000e+00	0.000000e+00	0.000000e+00
9	6337	3.081469e-03	0.000000e+00	2.556415e-02	9.744359e-01	7.347404e-02	3.098968e-02	5.000000e-02	7.000000e-02	9.000000e-02	0.000000e+00	0.000000e+00	0.000000e+00	0.000000e+00	0.000000e+00	4.762346e-02	1.705126e-02	3.000000e-02	5.000000e-02	6.000000e-02	7.415223e-02	3.098360e-02	5.000000e-02	7.000000e-02	9.000000e-02	0.000000e+00	0.000000e+00	0.000000e+00	0.000000e+00	0.000000e+00
@	81201	3.948530e-02	1.747515e-02	4.415217e-01	5.410032e-01	8.817667e-02	1.051517e-01	4.000000e-02	5.000000e-02	9.000000e-02	1.449827e-01	1.690831e-01	5.000000e-02	8.000000e-02	1.900000e-01	9.442433e-02	1.062068e-01	4.000000e-02	6.000000e-02	1.100000e-01	8.124292e-02	1.006244e-01	3.000000e-02	5.000000e-02	8.000000e-02	0.000000e+00	0.000000e+00	0.000000e+00	0.000000e+00	0.000000e+00
C	48452	2.356057e-02	3.570544e-03	6.420788e-01	3.284281e-01	7.215440e-02	4.969587e-02	4.000000e-02	6.000000e-02	9.000000e-02	1.123988e-01	7.867838e-02	7.000000e-02	9.000000e-02	1.300000e-01	7.416008e-02	5.421452e-02	4.000000e-02	6.000000e-02	9.000000e-02	6.891410e-02	3.893911e-02	4.000000e-02	6.000000e-02	9.000000e-02	5.798567e-02	4.193054e-02	3.000000e-02	5.000000e-02	7.000000e-02
E	39418	1.916764e-02	1.001319e-01	1.557664e-02	8.838602e-01	7.929931e-02	4.702392e-02	5.000000e-02	7.000000e-02	1.000000e-01	7.776289e-02	5.267742e-02	4.000000e-02	7.000000e-02	1.000000e-01	8.159609e-02	1.020390e-01	3.000000e-02	5.000000e-02	1.000000e-01	7.945207e-02	4.475551e-02	5.000000e-02	7.000000e-02	1.000000e-01	4.000000e-02	1.658312e-02	3.000000e-02	3.000000e-02	4.000000e-02
I	86636	4.212815e-02	3.030842e-01	2.939886e-02	6.545085e-01	5.659807e-02	3.297067e-02	4.000000e-02	5.000000e-02	7.000000e-02	5.709860e-02	3.385710e-02	3.000000e-02	5.000000e-02	7.000000e-02	4.968590e-02	3.980016e-02	3.000000e-02	4.000000e-02	6.000000e-02	5.696053e-02	3.230895e-02	4.000000e-02	5.000000e-02	7.000000e-02	4.232032e-02	2.087150e-02	3.000000e-02	3.000000e-02	5.000000e-02
N	19097	9.286225e-03	6.231345e-03	5.576792e-01	4.360894e-01	1.045916e-01	1.627385e-01	5.000000e-02	7.000000e-02	1.000000e-01	2.755599e-01	4.546752e-01	4.000000e-02	9.006250e-02	2.100000e-01	1.263420e-01	1.964280e-01	5.000000e-02	8.000000e-02	1.200000e-01	7.433390e-02	8.076700e-02	4.000000e-02	6.000000e-02	9.000000e-02	0.000000e+00	0.000000e+00	0.000000e+00	0.000000e+00	0.000000e+00
O	26565	1.291766e-02	4.607566e-02	3.459439e-02	9.193300e-01	7.343667e-02	3.771175e-02	5.000000e-02	7.000000e-02	9.000000e-02	9.125000e-02	6.227092e-02	6.000000e-02	8.000000e-02	1.100000e-01	6.739390e-02	4.049642e-02	4.000000e-02	6.000000e-02	8.000000e-02	7.277127e-02	3.568493e-02	5.000000e-02	7.000000e-02	9.000000e-02	0.000000e+00	0.000000e+00	0.000000e+00	0.000000e+00	0.000000e+00
Q	44399	2.158973e-02	9.140972e-01	1.171198e-03	8.473164e-02	6.945765e-02	6.936133e-02	4.000000e-02	5.000000e-02	8.000000e-02	7.079427e-02	6.989403e-02	4.000000e-02	5.000000e-02	8.000000e-02	1.831731e-01	2.212177e-01	6.000000e-02	9.000000e-02	2.025000e-01	5.346624e-02	5.441380e-02	3.000000e-02	3.000000e-02	7.000000e-02	0.000000e+00	0.000000e+00	0.000000e+00	0.000000e+00	0.000000e+00
S	21569	1.048827e-02	5.072094e-01	4.219018e-02	4.479114e-01	8.255390e-02	4.154874e-02	5.000000e-02	8.000000e-02	1.100000e-01	8.313483e-02	4.074066e-02	5.000000e-02	8.000000e-02	1.100000e-01	1.081538e-01	8.006047e-02	5.250000e-02	9.000000e-02	1.400000e-01	7.948246e-02	3.583984e-02	5.000000e-02	8.000000e-02	1.000000e-01	8.293103e-02	5.136757e-02	3.625000e-02	7.000000e-02	1.187500e-01
U	31697	1.541318e-02	3.571631e-01	4.858504e-03	6.330883e-01	7.224816e-02	4.301074e-02	4.000000e-02	6.000000e-02	9.000000e-02	7.575568e-02	4.330378e-02	4.000000e-02	7.000000e-02	9.000000e-02	5.318182e-02	3.829631e-02	3.000000e-02	4.000000e-02	6.000000e-02	7.063238e-02	4.276527e-02	4.000000e-02	6.000000e-02	8.000000e-02	4.419355e-02	2.740085e-02	3.000000e-02	3.000000e-02	5.000000e-02
Y	9289	4.516926e-03	1.076542e-04	1.014103e-01	8.984820e-01	5.715312e-02	3.367494e-02	4.000000e-02	5.000000e-02	7.000000e-02	4.000000e-02	0.000000e+00	4.000000e-02	4.000000e-02	4.000000e-02	4.976135e-02	3.050298e-02	3.000000e-02	4.000000e-02	5.000000e-02	5.798947e-02	3.391646e-02	4.000000e-02	5.000000e-02	7.000000e-02	0.000000e+00	0.000000e+00	0.000000e+00	0.000000e+00	0.000000e+00
Z	279	1.356683e-04	1.433692e-02	3.584229e-03	9.820789e-01	5.627240e-02	3.162979e-02	3.000000e-02	4.000000e-02	8.000000e-02	5.000000e-02	8.164966e-03	4.750000e-02	5.000000e-02	5.250000e-02	9.000000e-02	0.000000e+00	9.000000e-02	9.000000e-02	9.000000e-02	5.624088e-02	3.183221e-02	3.000000e-02	4.000000e-02	8.000000e-02	0.000000e+00	0.000000e+00	0.000000e+00	0.000000e+00	0.000000e+00
a	93356	4.539586e-02	1.616500e-01	3.474870e-02	8.018660e-01	7.803666e-02	4.721690e-02	5.000000e-02	7.000000e-02	9.500000e-02	8.421874e-02	4.513461e-02	5.000000e-02	8.000000e-02	1.100000e-01	1.012330e-01	9.511466e-02	4.000000e-02	8.000000e-02	1.300000e-01	7.580238e-02	4.401323e-02	5.000000e-02	7.000000e-02	9.000000e-02	7.009259e-02	4.536762e-02	4.000000e-02	6.000000e-02	9.000000e-02
b	40569	1.972733e-02	4.774828e-01	9.100545e-02	4.314131e-01	5.089588e-02	2.157928e-02	3.000000e-02	5.000000e-02	6.000000e-02	5.425327e-02	2.223812e-02	4.000000e-02	5.000000e-02	7.000000e-02	4.073808e-02	1.528660e-02	3.000000e-02	3.000000e-02	5.000000e-02	4.931779e-02	2.111331e-02	3.000000e-02	4.000000e-02	6.000000e-02	7.250000e-02	3.304038e-02	4.750000e-02	7.000000e-02	9.500000e-02
d	87566	4.258038e-02	7.790238e-01	2.022474e-02	1.981819e-01	4.908766e-02	2.883413e-02	3.000000e-02	4.000000e-02	6.000000e-02	5.114680e-02	3.010100e-02	3.000000e-02	4.000000e-02	6.000000e-02	4.230382e-02	1.940145e-02	3.000000e-02	3.500000e-02	5.000000e-02	4.178230e-02	2.262492e-02	3.000000e-02	3.000000e-02	5.000000e-02	4.164444e-02	2.465762e-02	3.000000e-02	3.000000e-02	4.000000e-02
e	3424	1.664975e-03	0.000000e+00	3.037383e-02	9.681659e-01	6.612150e-02	3.514314e-02	4.000000e-02	6.000000e-02	8.000000e-02	0.000000e+00	0.000000e+00	0.000000e+00	0.000000e+00	0.000000e+00	9.682692e-02	7.875875e-02	5.000000e-02	7.000000e-02	1.200000e-01	6.512519e-02	3.240707e-02	4.000000e-02	6.000000e-02	8.000000e-02	8.800000e-02	3.346640e-02	8.000000e-02	8.000000e-02	1.200000e-01
f	55488	2.698194e-02	5.874243e-01	1.135741e-01	2.909818e-01	9.428472e-02	6.969514e-02	6.000000e-02	8.500000e-02	1.100000e-01	9.533318e-02	6.354755e-02	6.000000e-02	9.000000e-02	1.200000e-01	1.049040e-01	1.208922e-01	5.000000e-02	7.000000e-02	1.150000e-01	8.778150e-02	5.083285e-02	6.000000e-02	8.000000e-02	1.100000e-01	1.030562e-01	7.694247e-02	7.000000e-02	9.000000e-02	1.200000e-01
g	39928	1.941563e-02	6.241485e-01	1.139551e-02	3.641555e-01	5.412530e-02	2.835287e-02	3.000000e-02	5.000000e-02	7.000000e-02	5.778761e-02	2.962669e-02	3.000000e-02	5.000000e-02	7.000000e-02	4.553846e-02	2.346584e-02	3.000000e-02	4.000000e-02	5.000000e-02	4.811967e-02	2.497924e-02	3.000000e-02	4.000000e-02	6.000000e-02	5.083333e-02	2.906367e-02	3.000000e-02	3.500000e-02	6.000000e-02
h	28434	1.382649e-02	6.955757e-01	6.151087e-02	2.427376e-01	9.424253e-02	1.404361e-01	3.000000e-02	6.000000e-02	9.000000e-02	8.819477e-02	1.294284e-01	3.000000e-02	5.000000e-02	8.000000e-02	2.258865e-01	2.502484e-01	8.000000e-02	1.300000e-01	2.800000e-01	7.819915e-02	1.123610e-01	3.000000e-02	5.000000e-02	8.000000e-02	1.140000e-01	1.234099e-01	4.000000e-02	8.000000e-02	9.000000e-02
i	6691	3.253607e-03	0.000000e+00	2.945748e-01	7.054252e-01	8.318263e-02	6.160515e-02	4.000000e-02	6.000000e-02	1.000000e-01	0.000000e+00	0.000000e+00	0.000000e+00	0.000000e+00	0.000000e+00	1.444825e-01	7.454438e-02	9.000000e-02	1.300000e-01	1.900000e-01	5.758475e-02	2.890847e-02	4.000000e-02	4.000000e-02	7.000000e-02	0.000000e+00	0.000000e+00	0.000000e+00	0.000000e+00	0.000000e+00
j	22488	1.093515e-02	8.932764e-01	1.427428e-02	9.218250e-02	1.123083e-01	1.191204e-01	5.000000e-02	8.000000e-02	1.200000e-01	1.149574e-01	1.202744e-01	5.000000e-02	9.000000e-02	1.300000e-01	1.964642e-01	2.115110e-01	7.000000e-02	9.000000e-02	2.500000e-01	7.352629e-02	6.384829e-02	4.000000e-02	6.000000e-02	9.000000e-02	1.400000e-01	2.032732e-01	2.250000e-02	3.500000e-02	1.600000e-01
k	42534	2.068284e-02	3.349556e-01	2.845723e-01	3.801900e-01	7.671745e-02	4.045943e-02	5.000000e-02	7.000000e-02	1.000000e-01	8.719169e-02	3.663855e-02	6.000000e-02	9.000000e-02	1.100000e-01	7.063698e-02	4.674543e-02	4.000000e-02	6.000000e-02	9.000000e-02	7.203760e-02	3.660344e-02	4.000000e-02	7.000000e-02	9.000000e-02	8.083333e-02	4.776045e-02	5.000000e-02	7.500000e-02	1.025000e-01
l	58655	2.852194e-02	9.821840e-02	1.998977e-01	7.018328e-01	7.599006e-02	1.112286e-01	4.000000e-02	5.000000e-02	8.000000e-02	7.382088e-02	9.399290e-02	4.000000e-02	6.000000e-02	8.000000e-02	9.894042e-02	1.345596e-01	4.000000e-02	6.000000e-02	1.100000e-01	6.974781e-02	1.050854e-01	3.000000e-02	5.000000e-02	7.000000e-02	2.000000e-01	1.652271e-01	1.050000e-01	1.200000e-01	2.550000e-01
m	89804	4.366864e-02	3.990134e-01	3.516213e-01	2.310253e-01	9.304941e-02	1.175184e-01	5.000000e-02	7.000000e-02	9.000000e-02	8.137413e-02	9.757890e-02	4.000000e-02	6.000000e-02	9.000000e-02	1.187063e-01	1.529916e-01	5.000000e-02	7.000000e-02	1.200000e-01	7.402672e-02	6.863100e-02	5.000000e-02	7.000000e-02	8.000000e-02	9.478457e-02	1.328930e-01	4.000000e-02	7.000000e-02	9.500000e-02
n	219613	1.067904e-01	1.223197e-01	4.934544e-01	3.682660e-01	6.522813e-02	5.254712e-02	3.000000e-02	5.000000e-02	8.000000e-02	6.388286e-02	6.528001e-02	3.000000e-02	5.000000e-02	7.000000e-02	7.119702e-02	5.680750e-02	3.000000e-02	5.000000e-02	8.000000e-02	5.781530e-02	3.926195e-02	3.000000e-02	5.000000e-02	7.000000e-02	6.203709e-02	5.109798e-02	3.000000e-02	5.000000e-02	7.000000e-02
o	12516	6.086107e-03	0.000000e+00	4.864174e-01	5.135826e-01	8.524769e-02	6.936055e-02	4.000000e-02	6.000000e-02	1.000000e-01	0.000000e+00	0.000000e+00	0.000000e+00	0.000000e+00	0.000000e+00	9.283345e-02	8.275597e-02	4.000000e-02	5.000000e-02	1.200000e-01	7.806316e-02	5.268427e-02	5.000000e-02	6.000000e-02	9.000000e-02	0.000000e+00	0.000000e+00	0.000000e+00	0.000000e+00	0.000000e+00
p	18458	8.975500e-03	2.468306e-01	2.373497e-01	5.156030e-01	7.009590e-02	3.957328e-02	4.000000e-02	6.000000e-02	9.000000e-02	7.736940e-02	3.859013e-02	5.000000e-02	7.000000e-02	1.000000e-01	6.409381e-02	4.670221e-02	3.000000e-02	5.000000e-02	8.000000e-02	6.938216e-02	3.575077e-02	4.000000e-02	6.000000e-02	9.000000e-02	5.750000e-02	1.892969e-02	5.250000e-02	6.500000e-02	7.000000e-02
r	46229	2.247960e-02	1.009323e-01	1.208116e-01	7.782128e-01	5.236572e-02	2.911149e-02	3.000000e-02	4.000000e-02	7.000000e-02	5.736605e-02	3.245635e-02	4.000000e-02	5.000000e-02	7.000000e-02	3.710564e-02	3.048303e-02	3.000000e-02	3.000000e-02	3.000000e-02	5.408522e-02	2.767171e-02	3.000000e-02	5.000000e-02	7.000000e-02	7.000000e-02	5.656854e-02	5.000000e-02	7.000000e-02	9.000000e-02
s	128773	6.261795e-02	1.400138e-02	4.133786e-01	5.191150e-01	7.561682e-02	4.918097e-02	4.000000e-02	7.000000e-02	9.000000e-02	8.490294e-02	7.343713e-02	3.750000e-02	6.000000e-02	1.100000e-01	8.135990e-02	6.139120e-02	4.000000e-02	7.000000e-02	1.000000e-01	7.130161e-02	3.503441e-02	5.000000e-02	7.000000e-02	9.000000e-02	7.068287e-02	4.782641e-02	4.000000e-02	6.000000e-02	9.000000e-02
t	151346	7.359444e-02	1.756967e-01	2.762148e-01	5.472229e-01	7.834685e-02	1.009786e-01	4.000000e-02	5.000000e-02	8.000000e-02	6.623652e-02	7.512801e-02	3.000000e-02	5.000000e-02	8.000000e-02	1.162322e-01	1.592846e-01	4.000000e-02	6.000000e-02	1.200000e-01	6.308839e-02	5.468695e-02	3.000000e-02	5.000000e-02	8.000000e-02	9.339695e-02	1.120410e-01	5.000000e-02	7.000000e-02	9.000000e-02
u	3864	1.878932e-03	2.587992e-04	3.416149e-02	9.655797e-01	6.732919e-02	3.824383e-02	4.000000e-02	5.000000e-02	8.000000e-02	1.400000e-01	0.000000e+00	1.400000e-01	1.400000e-01	1.400000e-01	7.113636e-02	6.080124e-02	4.000000e-02	4.500000e-02	7.000000e-02	6.717502e-02	3.718811e-02	4.000000e-02	5.000000e-02	8.000000e-02	0.000000e+00	0.000000e+00	0.000000e+00	0.000000e+00	0.000000e+00
v	61981	3.013926e-02	7.226731e-01	3.226795e-04	2.653232e-01	5.110800e-02	2.903459e-02	3.000000e-02	4.000000e-02	6.000000e-02	5.040722e-02	3.102412e-02	3.000000e-02	4.000000e-02	6.000000e-02	6.900000e-02	3.891962e-02	4.500000e-02	6.000000e-02	9.000000e-02	5.295227e-02	2.166894e-02	4.000000e-02	5.000000e-02	6.000000e-02	5.207873e-02	4.245975e-02	3.000000e-02	4.000000e-02	6.000000e-02
x	26076	1.267988e-02	6.902899e-04	5.876668e-01	4.111060e-01	9.077257e-02	9.618607e-02	5.000000e-02	7.000000e-02	1.000000e-01	2.450000e-01	3.732410e-01	3.250000e-02	7.000000e-02	1.150000e-01	8.915462e-02	1.030352e-01	4.000000e-02	6.000000e-02	9.000000e-02	9.271177e-02	8.370896e-02	6.000000e-02	9.000000e-02	1.100000e-01	1.785714e-01	1.905703e-01	4.500000e-02	9.500000e-02	2.375000e-01
y	441	2.144434e-04	0.000000e+00	7.278912e-01	2.721088e-01	1.060884e-01	6.641600e-02	5.000000e-02	9.000000e-02	1.400000e-01	0.000000e+00	0.000000e+00	0.000000e+00	0.000000e+00	0.000000e+00	1.240031e-01	6.812858e-02	7.000000e-02	1.100000e-01	1.600000e-01	5.816667e-02	2.543680e-02	4.000000e-02	5.000000e-02	6.000000e-02	0.000000e+00	0.000000e+00	0.000000e+00	0.000000e+00	0.000000e+00
z	42184	2.051265e-02	6.001565e-01	2.967950e-02	3.563673e-01	6.847015e-02	3.347013e-02	4.000000e-02	6.000000e-02	9.000000e-02	6.909389e-02	3.473560e-02	4.000000e-02	6.000000e-02	9.000000e-02	7.736422e-02	4.042393e-02	5.000000e-02	7.000000e-02	9.000000e-02	6.704184e-02	3.001280e-02	4.000000e-02	6.000000e-02	8.000000e-02	5.909794e-02	4.011390e-02	3.000000e-02	5.000000e-02	7.000000e-02
OY6	87	4.230515e-05	0.000000e+00	6.091954e-01	3.908046e-01	2.695409e-01	1.746145e-01	2.000000e-01	2.400000e-01	3.000000e-01	0.000000e+00	0.000000e+00	0.000000e+00	0.000000e+00	0.000000e+00	3.020767e-01	2.128129e-01	2.200000e-01	2.700000e-01	3.200000e-01	2.188235e-01	6.118847e-02	1.800000e-01	2.150000e-01	2.475000e-01	0.000000e+00	0.000000e+00	0.000000e+00	0.000000e+00	0.000000e+00
aI6	411	1.998554e-04	0.000000e+00	5.863747e-01	4.111922e-01	2.800373e-01	1.236252e-01	2.100000e-01	2.500000e-01	3.400000e-01	0.000000e+00	0.000000e+00	0.000000e+00	0.000000e+00	0.000000e+00	3.227191e-01	1.390518e-01	2.400000e-01	3.200000e-01	3.800000e-01	2.172189e-01	4.944892e-02	1.800000e-01	2.200000e-01	2.500000e-01	6.100000e-01	0.000000e+00	6.100000e-01	6.100000e-01	6.100000e-01
aU6	420	2.042318e-04	2.857143e-02	4.023810e-01	5.690476e-01	2.391432e-01	1.056055e-01	1.800000e-01	2.200000e-01	2.700000e-01	2.879167e-01	1.138072e-01	2.550000e-01	2.975000e-01	3.225000e-01	2.633432e-01	1.384123e-01	1.900000e-01	2.400000e-01	2.900000e-01	2.195821e-01	6.776522e-02	1.700000e-01	2.100000e-01	2.550000e-01	0.000000e+00	0.000000e+00	0.000000e+00	0.000000e+00	0.000000e+00
E:6	3052	1.484084e-03	0.000000e+00	8.699214e-01	1.300786e-01	1.464223e-01	1.046955e-01	9.000000e-02	1.200000e-01	1.600000e-01	0.000000e+00	0.000000e+00	0.000000e+00	0.000000e+00	0.000000e+00	1.466218e-01	1.091268e-01	9.000000e-02	1.200000e-01	1.600000e-01	1.450883e-01	6.809298e-02	9.000000e-02	1.300000e-01	1.800000e-01	0.000000e+00	0.000000e+00	0.000000e+00	0.000000e+00	0.000000e+00
y:6	1477	7.182151e-04	1.354096e-03	8.476642e-01	1.401490e-01	1.524207e-01	1.551857e-01	8.000000e-02	1.000000e-01	1.600000e-01	1.400000e-01	9.899495e-02	1.050000e-01	1.400000e-01	1.750000e-01	1.582350e-01	1.606298e-01	8.000000e-02	1.000000e-01	1.700000e-01	1.044450e-01	6.058403e-02	8.000000e-02	9.000000e-02	1.100000e-01	3.196953e-01	3.198975e-01	9.006250e-02	2.100000e-01	4.900000e-01
2:6	856	4.162438e-04	7.009346e-03	5.373832e-02	9.380841e-01	1.524716e-01	1.308122e-01	9.000000e-02	1.200000e-01	1.700000e-01	1.433437e-01	6.375997e-02	9.254687e-02	1.400000e-01	2.025000e-01	2.038057e-01	2.533309e-01	1.000000e-01	1.500000e-01	1.875000e-01	1.497018e-01	1.202017e-01	9.000000e-02	1.200000e-01	1.700000e-01	7.000000e-02	0.000000e+00	7.000000e-02	7.000000e-02	7.000000e-02
a:6	1237	6.015112e-04	5.658852e-03	8.003234e-02	9.143088e-01	1.667950e-01	1.074632e-01	1.100000e-01	1.400000e-01	1.900000e-01	1.528571e-01	5.089672e-02	1.250000e-01	1.400000e-01	1.550000e-01	1.315657e-01	8.208273e-02	9.000000e-02	1.000000e-01	1.400000e-01	1.699650e-01	1.091493e-01	1.100000e-01	1.500000e-01	2.000000e-01	0.000000e+00	0.000000e+00	0.000000e+00	0.000000e+00	0.000000e+00
u:6	5722	2.782415e-03	5.662356e-02	3.325760e-01	2.446697e-02	1.881321e-01	1.577370e-01	9.000000e-02	1.400000e-01	2.300000e-01	1.575617e-01	5.604547e-02	1.200000e-01	1.500000e-01	1.800000e-01	1.680928e-01	1.494840e-01	8.000000e-02	1.100000e-01	2.100000e-01	1.412143e-01	8.463606e-02	1.000000e-01	1.200000e-01	1.500000e-01	2.044087e-01	1.688015e-01	1.000000e-01	1.600000e-01	2.500000e-01
o:6	4073	1.980562e-03	2.209673e-03	2.619691e-01	6.808250e-01	1.421584e-01	1.215605e-01	9.000000e-02	1.150000e-01	1.500000e-01	1.066806e-01	3.239568e-02	9.006250e-02	1.000000e-01	1.300000e-01	1.753284e-01	1.133714e-01	9.006250e-02	1.400000e-01	2.300000e-01	1.208439e-01	7.595048e-02	9.000000e-02	1.100000e-01	1.300000e-01	2.494434e-01	3.378145e-01	9.000000e-02	1.350000e-01	2.400000e-01
e:6	12115	5.891114e-03	1.297565e-01	7.021048e-01	1.262897e-01	1.377629e-01	1.159674e-01	8.000000e-02	1.100000e-01	1.500000e-01	1.529232e-01	7.689910e-02	1.200000e-01	1.400000e-01	1.800000e-01	1.335418e-01	1.233892e-01	8.000000e-02	1.000000e-01	1.400000e-01	1.440918e-01	9.382832e-02	1.000000e-01	1.300000e-01	1.700000e-01	1.424758e-01	1.412126e-01	7.000000e-02	9.000000e-02	1.600000e-01
i:6	16058	7.808462e-03	9.092041e-03	8.420102e-01	1.242994e-01	1.391509e-01	1.259711e-01	8.000000e-02	1.000000e-01	1.500000e-01	1.327055e-01	4.323603e-02	1.000000e-01	1.300000e-01	1.500000e-01	1.385596e-01	1.274240e-01	8.000000e-02	1.000000e-01	1.500000e-01	1.473250e-01	1.242748e-01	9.000000e-02	1.200000e-01	1.600000e-01	1.204684e-01	9.971327e-02	7.000000e-02	9.000000e-02	1.350000e-01
E6	12804	6.226152e-03	5.459231e-02	1.208216e-01	7.972509e-01	1.326238e-01	1.419081e-01	7.000000e-02	9.000000e-02	1.400000e-01	1.181689e-01	1.010007e-01	7.000000e-02	1.000000e-01	1.300000e-01	1.710766e-01	1.387995e-01	7.000000e-02	1.100000e-01	2.500000e-01	1.267588e-01	1.430583e-01	7.000000e-02	9.000000e-02	1.300000e-01	1.625866e-01	1.599515e-01	8.000000e-02	1.100000e-01	2.000000e-01
I6	3150	1.531738e-03	2.504762e-01	2.984127e-02	7.196825e-01	1.050559e-01	9.579088e-02	7.000000e-02	9.000000e-02	1.200000e-01	1.250890e-01	1.103414e-01	8.000000e-02	1.100000e-01	1.400000e-01	1.286177e-01	1.995402e-01	6.000000e-02	8.000000e-02	1.100000e-01	9.710661e-02	8.159327e-02	7.000000e-02	8.000000e-02	1.100000e-01	0.000000e+00	0.000000e+00	0.000000e+00	0.000000e+00	0.000000e+00
O6	3121	1.517637e-03	1.723806e-01	3.172060e-02	7.949375e-01	1.649332e-01	1.204588e-01	1.100000e-01	1.500000e-01	1.900000e-01	1.696841e-01	5.580687e-02	1.400000e-01	1.600000e-01	1.900000e-01	2.095486e-01	2.704914e-01	9.006250e-02	1.300000e-01	2.000000e-01	1.621408e-01	1.208174e-01	1.100000e-01	1.500000e-01	1.900000e-01	1.500000e-01	1.000000e-02	1.450000e-01	1.500000e-01	1.550000e-01
U6	1568	7.624653e-04	2.551020e-03	8.354592e-02	9.139030e-01	1.218114e-01	1.035561e-01	7.000000e-02	9.503125e-02	1.400000e-01	1.650000e-01	4.654747e-02	1.525000e-01	1.750000e-01	1.875000e-01	1.009160e-01	6.857562e-02	6.000000e-02	8.000000e-02	1.100000e-01	1.236011e-01	1.060897e-01	7.000000e-02	1.000000e-01	1.400000e-01	0.000000e+00	0.000000e+00	0.000000e+00	0.000000e+00	0.000000e+00
Y6	3829	1.861913e-03	2.350483e-03	8.331157e-02	9.130321e-01	1.053789e-01	9.964353e-02	7.000000e-02	8.000000e-02	1.100000e-01	1.300000e-01	1.804855e-01	6.000000e-02	7.000000e-02	8.000000e-02	9.594083e-02	9.997824e-02	6.000000e-02	7.000000e-02	1.000000e-01	1.061959e-01	9.937772e-02	7.000000e-02	9.000000e-02	1.200000e-01	9.200000e-02	6.099180e-02	6.000000e-02	6.000000e-02	8.000000e-02
26	0	0.0	0.0	0.0	0.0	0.0	0.0	0.0	0.0	0.0	0.0	0.0	0.0	0.0	0.0	0.0	0.0	0.0	0.0	0.0	0.0	0.0	0.0	0.0	0.0	0.0	0.0	0.0	0.0	0.0
a6	28	1.361545e-05	6.428571e-01	0.000000e+00	3.571429e-01	1.692857e-01	5.127476e-02	1.300000e-01	1.600000e-01	2.025000e-01	1.805556e-01	4.987894e-02	1.400000e-01	1.650000e-01	2.300000e-01	0.000000e+00	0.000000e+00	0.000000e+00	0.000000e+00	0.000000e+00	1.490000e-01	4.976612e-02	1.100000e-01	1.400000e-01	1.975000e-01	0.000000e+00	0.000000e+00	0.000000e+00	0.000000e+00	0.000000e+00
e6	5	2.431331e-06	0.000000e+00	0.000000e+00	1.000000e+00	1.140000e-01	2.701851e-02	1.100000e-01	1.200000e-01	1.300000e-01	0.000000e+00	0.000000e+00	0.000000e+00	0.000000e+00	0.000000e+00	0.000000e+00	0.000000e+00	0.000000e+00	0.000000e+00	0.000000e+00	1.140000e-01	2.701851e-02	1.100000e-01	1.200000e-01	1.300000e-01	0.000000e+00	0.000000e+00	0.000000e+00	0.000000e+00	0.000000e+00
i6	0	0.0	0.0	0.0	0.0	0.0	0.0	0.0	0.0	0.0	0.0	0.0	0.0	0.0	0.0	0.0	0.0	0.0	0.0	0.0	0.0	0.0	0.0	0.0	0.0	0.0	0.0	0.0	0.0	0.0
o6	4	1.945065e-06	0.000000e+00	0.000000e+00	1.000000e+00	2.325000e-01	1.973787e-01	7.000000e-02	1.950000e-01	3.575000e-01	0.000000e+00	0.000000e+00	0.000000e+00	0.000000e+00	0.000000e+00	0.000000e+00	0.000000e+00	0.000000e+00	0.000000e+00	0.000000e+00	2.325000e-01	1.973787e-01	7.000000e-02	1.950000e-01	3.575000e-01	0.000000e+00	0.000000e+00	0.000000e+00	0.000000e+00	0.000000e+00
u6	6	2.917597e-06	0.000000e+00	0.000000e+00	1.000000e+00	1.400000e-01	5.727128e-02	1.100000e-01	1.150000e-01	1.725000e-01	0.000000e+00	0.000000e+00	0.000000e+00	0.000000e+00	0.000000e+00	0.000000e+00	0.000000e+00	0.000000e+00	0.000000e+00	0.000000e+00	1.400000e-01	5.727128e-02	1.100000e-01	1.150000e-01	1.725000e-01	0.000000e+00	0.000000e+00	0.000000e+00	0.000000e+00	0.000000e+00
y6	0	0.0	0.0	0.0	0.0	0.0	0.0	0.0	0.0	0.0	0.0	0.0	0.0	0.0	0.0	0.0	0.0	0.0	0.0	0.0	0.0	0.0	0.0	0.0	0.0	0.0	0.0	0.0	0.0	0.0
96	124	6.029700e-05	0.000000e+00	1.612903e-02	9.838710e-01	1.511295e-01	1.503177e-01	1.000000e-01	1.400000e-01	1.625000e-01	0.000000e+00	0.000000e+00	0.000000e+00	0.000000e+00	0.000000e+00	2.050000e-01	1.060660e-01	1.675000e-01	2.050000e-01	2.425000e-01	1.502464e-01	1.510866e-01	1.000000e-01	1.400000e-01	1.600000e-01	0.000000e+00	0.000000e+00	0.000000e+00	0.000000e+00	0.000000e+00